0.5
0.556
0.772
0.716
0.784
0.88
0.8
0.852
0.788
0.816
0.832
0.884
0.876
0.872
0.876
0.9
0.84
0.892
0.9
0.884
0.948
0.892
0.92
0.968
0.952
0.968
0.908
0.968
0.968
0.952
0.964
0.952
0.976
0.984
0.976
0.984
0.992
0.968
0.96
0.968
0.968
1.0
0.984
0.976
0.952
0.992
0.992
0.984
0.968
0.984
0.976
0.992
0.968
0.976
0.992
0.984
0.992
0.96
0.984
0.976
0.992
0.984
0.984
0.96
0.992
0.984
1.0
0.992
0.984
0.992
1.0
0.96
0.968
0.976
0.984
0.952
0.992
0.968
0.944
0.984
0.984
0.992
0.992
0.96
0.984
0.984
0.952
0.992
0.984
0.976
1.0
1.0
1.0
0.976
0.992
0.984
0.984
0.976
0.976
0.984
0.976
0.968
1.0
0.976
0.992
0.992
0.984
1.0
0.976
1.0
0.992
0.976
0.992
0.984
0.968
1.0
0.984
0.984
1.0
0.984
0.992
0.992
0.992
0.992
0.992
0.968
0.992
0.992
1.0
1.0
0.984
0.992
0.984
0.984
0.992
0.976
0.992
0.976
0.992
0.984
0.984
0.968
0.984
0.968
0.984
0.976
1.0
0.992
0.976
1.0
1.0
0.984
0.976
1.0
0.992
0.984
1.0
0.976
0.984
1.0
1.0
0.992
0.984
0.984
0.984
1.0
0.992
0.992
1.0
0.976
0.992
0.992
0.992
0.976
0.992
1.0
0.984
0.992
0.992
0.984
0.976
0.968
0.992
1.0
1.0
0.976
0.992
1.0
0.984
0.992
0.992
0.976
0.984
0.992
1.0
0.992
0.984
0.976
1.0
0.976
0.984
0.992
0.968
0.968
0.976
0.992
0.976
0.984
1.0
1.0
0.968
0.984
0.968
0.992
0.984
0.992
0.992
1.0
1.0
0.976
0.976
1.0
0.992
0.984
1.0
1.0
0.992
0.976
0.976
0.976
0.984
0.984
0.992
0.992
0.984
1.0
0.984
0.984
0.952
0.984
0.992
0.968
0.992
0.984
1.0
0.968
0.984
0.984
1.0
0.984
0.976
0.992
1.0
0.976
0.992
1.0
0.992
0.992
1.0
0.984
0.992
0.984
0.976
0.968
0.984
1.0
0.976
0.992
0.976
1.0
0.984
0.984
0.984
1.0
0.984
0.992
1.0
0.992
0.992
0.96
0.976
1.0
0.984
1.0
0.984
0.992
0.984
0.992
0.992
0.976
1.0
1.0
0.984
0.992
0.976
0.992
0.984
0.976
0.984
1.0
0.984
0.992
0.984
0.968
0.992
0.992
0.992
0.984
1.0
0.992
1.0
0.968
0.992
1.0
0.976
0.992
0.968
0.984
0.984
1.0
0.984
0.992
0.96
0.992
0.992
0.984
0.976
0.992
0.992
0.984
0.992
0.992
0.984
1.0
0.992
1.0
0.992
0.992
0.984
0.976
0.992
0.984
0.992
0.976
0.976
0.992
1.0
0.984
1.0
0.984
0.984
1.0
0.96
1.0
0.96
0.984
0.984
0.984
0.984
0.992
0.992
1.0
0.992
0.968
0.992
0.976
0.984
0.992
0.976
0.992
0.984
1.0
0.952
1.0
0.968
0.992
0.992
0.976
0.984
0.992
0.992
0.976
0.992
0.96
0.992
0.976
1.0
0.984
1.0
0.984
0.976
0.992
0.984
0.992
1.0
0.968
0.992
0.992
0.976
0.984
0.976
1.0
1.0
0.992
0.976
1.0
0.968
0.992
0.96
1.0
0.992
0.968
1.0
0.992
0.992
0.984
1.0
0.984
0.992
1.0
0.984
1.0
0.984
1.0
0.992
1.0
0.992
0.968
0.984
0.992
0.992
0.976
1.0
0.984
0.992
0.976
0.976
0.984
0.984
0.992
1.0
0.976
1.0
0.984
0.976
0.976
0.992
0.992
1.0
0.984
0.992
0.992
0.992
0.992
0.992
0.984
1.0
0.992
0.992
0.992
0.992
0.992
0.984
0.976
0.984
1.0
0.984
0.984
1.0
0.992
1.0
0.984
0.968
0.992
0.992
1.0
0.992
0.96
0.984
1.0
1.0
0.992
0.992
0.992
0.976
0.992
0.984
0.984
0.992
0.992
0.984
0.992
0.984
0.992
0.984
0.992
0.992
0.992
0.992
0.992
0.984
0.992
0.984
0.992
0.992
0.968
0.992
1.0
0.984
0.984
0.992
0.992
0.984
1.0
1.0
1.0
0.992
0.992
0.984
0.976
0.992
0.984
0.984
0.992
0.992
1.0
0.992
0.984
0.984
1.0
0.984
0.976
0.968
0.984
0.992
1.0
1.0
0.976
0.976
0.992
0.984
0.992
0.976
0.992
0.984
0.984
0.984
0.992
1.0
0.984
1.0
0.992
0.976
0.976
0.984
1.0
0.96
0.984
0.992
1.0
0.976
0.976
0.992
1.0
0.992
0.984
1.0
0.984
0.984
1.0
0.992
1.0
0.976
0.992
0.96
0.992
0.976
0.992
0.984
0.984
1.0
0.992
1.0
1.0
0.976
1.0
0.984
0.992
1.0
0.984
0.976
0.992
0.984
0.968
0.992
1.0
0.992
0.984
1.0
0.976
0.968
0.984
0.992
0.984
0.992
0.976
0.992
0.992
0.992
0.976
0.984
0.992
0.968
0.976
0.992
0.984
0.976
0.984
0.992
0.976
0.968
0.992
0.984
1.0
0.984
0.992
0.968
0.984
0.984
0.984
0.984
0.984
1.0
0.992
0.992
0.992
0.984
0.984
1.0
0.992
1.0
0.976
1.0
0.984
0.976
0.984
0.992
1.0
0.976
1.0
1.0
0.992
0.992
0.976
0.984
1.0
0.976
0.992
0.992
0.992
0.984
0.992
0.984
0.984
0.992
0.976
0.992
0.976
0.984
1.0
1.0
0.992
0.992
0.984
0.992
1.0
0.992
0.984
0.992
0.992
0.976
0.992
1.0
0.992
0.984
0.992
0.992
0.984
0.96
0.992
0.992
0.984
0.984
0.976
0.984
0.968
0.992
0.992
0.992
0.992
0.976
0.992
0.984
0.984
0.984
0.984
0.992
0.976
0.968
0.952
1.0
0.968
1.0
0.976
0.968
0.992
0.992
0.992
0.992
0.992
0.968
0.976
0.976
0.992
0.984
0.984
0.968
0.976
0.968
0.976
0.984
1.0
1.0
0.984
0.992
1.0
0.992
0.976
0.984
0.984
0.992
0.992
0.984
0.984
0.976
0.984
0.992
0.984
0.992
0.992
0.984
0.984
1.0
0.992
0.984
0.992
0.992
0.992
0.992
1.0
0.984
0.984
0.976
0.984
0.992
0.992
0.984
1.0
0.976
0.976
1.0
0.992
0.992
0.992
0.992
0.976
0.968
1.0
0.976
0.992
0.976
1.0
0.976
1.0
0.984
0.968
0.984
1.0
0.992
0.984
0.992
0.984
0.992
0.968
0.968
0.984
1.0
0.984
0.992
0.984
0.992
0.976
0.96
1.0
0.976
0.984
0.968
0.984
0.984
0.992
0.992
0.992
0.992
1.0
1.0
0.984
1.0
0.984
0.984
0.984
0.976
0.984
0.968
1.0
1.0
0.992
0.984
0.984
0.992
0.984
1.0
0.992
1.0
0.976
0.976
0.992
0.968
0.984
0.976
0.992
0.984
0.968
0.992
0.968
0.976
0.984
1.0
0.992
0.992
1.0
0.984
0.968
0.976
0.992
0.976
1.0
1.0
0.984
1.0
0.992
0.984
0.992
0.984
0.984
0.984
0.96
0.992
0.992
0.992
0.984
0.984
1.0
0.976
0.984
0.992
1.0
0.984
0.992
1.0
0.992
0.976
0.992
0.984
1.0
0.984
0.984
0.984
0.984
0.984
0.992
1.0
0.992
1.0
0.992
0.976
0.992
0.984
0.984
0.968
1.0
1.0
1.0
0.992
0.984
1.0
0.992
0.968
0.992
0.976
0.968
0.984
1.0
0.992
0.984
0.984
0.992
0.992
0.976
1.0
0.968
0.984
0.984
1.0
0.976
0.992
1.0
0.984
0.984
0.984
0.992
0.984
0.96
0.992
0.992
0.976
0.984
0.992
1.0
1.0
0.968
0.992
0.992
0.976
0.992
0.976
1.0
0.992
0.984
0.984
0.968
0.976
1.0
0.976
0.968
0.984
0.992
0.992
0.968
0.976
0.976
0.992
0.984
0.984
1.0
1.0
1.0
0.992
0.992
0.984
0.976
0.992
0.984
0.984
0.992
1.0
0.992
1.0
0.992
0.992
0.968
0.992
0.984
0.992
0.992
0.992
1.0
1.0
1.0
0.992
1.0
0.984
0.992
0.968
1.0
0.984
0.992
0.984
1.0
1.0
0.992
