0.263272
0.254215
0.169862
0.18036
0.15712
0.100078
0.139624
0.104958
0.164435
0.115008
0.130555
0.0753232
0.0956448
0.100433
0.100063
0.0843369
0.108665
0.0966672
0.0851884
0.0966966
0.0394332
0.0676812
0.0657848
0.0353836
0.0356545
0.0280778
0.0647223
0.0303
0.0285841
0.0454764
0.0329506
0.0462297
0.0270686
0.0115804
0.0248868
0.018088
0.0109947
0.0365554
0.035728
0.0338965
0.032683
0.000631792
0.0175409
0.021978
0.0477745
0.00969987
0.00961702
0.0161191
0.0332124
0.0178338
0.0217417
0.00826012
0.0320998
0.0240896
0.00814002
0.0162887
0.00814707
0.0311799
0.0160614
0.0242978
0.00806557
0.016061
0.0161063
0.0407905
0.00805108
0.016989
7.25132e-05
0.00801572
0.016258
0.00855645
3.71497e-05
0.0400081
0.031977
0.0252893
0.0167583
0.048307
0.00801631
0.0321942
0.0523414
0.0160175
0.0161712
0.00800214
0.00981397
0.0343767
0.0160015
0.0160543
0.0328482
0.00801759
0.0160005
0.0251824
0.000210268
0.00171656
2.80433e-06
0.0244466
0.00819989
0.0160637
0.0160026
0.0240189
0.0240178
0.0160014
0.0240006
0.0319986
2.45554e-06
0.0239978
0.00800704
0.00806344
0.016
6.6831e-07
0.0240013
2.28331e-06
0.00799939
0.024001
0.00802435
0.0160002
0.0320017
1.63979e-07
0.0160183
0.0160018
0.000161087
0.016001
0.00800933
0.00800151
0.00872423
0.00801139
0.00949265
0.032
0.00800071
0.00800119
8.5869e-08
2.17505e-07
0.0161067
0.0086193
0.016003
0.0159999
0.00800126
0.0268319
0.00803415
0.0240014
0.00862151
0.0160001
0.0160001
0.0320053
0.016012
0.0289102
0.0159998
0.0240008
6.18591e-06
0.00800385
0.0240002
8.33214e-07
1.60663e-06
0.016
0.0240001
5.79888e-05
0.00800131
0.0160014
2.42384e-05
0.024
0.0160002
4.01028e-07
1.20236e-08
0.00800002
0.0159983
0.0160011
0.0160008
2.78893e-09
0.00800191
0.00800001
1.45041e-06
0.0240001
0.00800033
0.008
0.00800032
0.0240564
0.00800027
8.72981e-07
0.0160109
0.00801037
0.00800002
0.0160043
0.0240026
0.0319998
0.00800018
3.39537e-06
1.39848e-06
0.02444
0.00800011
4.59907e-08
0.016002
0.00800001
0.00800005
0.0240048
0.0160002
0.00800026
2.73179e-06
0.00800555
0.0160001
0.024
2.26478e-08
0.024
0.0160005
0.00800002
0.0320048
0.0344891
0.024
0.008
0.024
0.0160014
4.13256e-06
1.92257e-08
0.032
0.0160008
0.0319998
0.00800005
0.016
0.00800001
0.00800004
1.02355e-08
9.14756e-08
0.024
0.0240012
4.79354e-06
0.008
0.0160244
5.81056e-07
1.40693e-07
0.00800017
0.0240057
0.0254222
0.024033
0.0160019
0.016
0.00800005
0.00800001
0.016
2.90465e-10
0.0160048
0.0160003
0.0480003
0.016
0.00800001
0.032
0.00800002
0.0160079
1.86235e-08
0.0320003
0.0160005
0.0160633
3.63187e-06
0.0160115
0.0240002
0.00799993
2.18152e-09
0.024
0.00800001
0.000218206
0.008
0.008
3.67852e-09
0.0171356
0.00800002
0.016
0.0239993
0.0320003
0.0160144
4.55829e-05
0.024
0.008
0.024
1.90821e-09
0.016
0.0160016
0.016
2.91157e-06
0.016
0.00800009
2.97081e-09
0.008
0.00800002
0.04
0.024
6.87999e-11
0.0163055
2.99305e-08
0.016
0.008
0.0159999
0.00800011
0.00800001
0.024
4.05964e-09
2.01365e-07
0.0160005
0.00834727
0.0240033
0.00800858
0.016
0.0240052
0.016
1.69669e-09
0.016
0.008
0.016
0.0320002
0.008
0.008
0.00801827
0.016
4.25622e-06
0.008
1.26184e-07
0.032
0.00800119
3.14651e-08
0.024
0.008
0.0320001
0.016
0.016
5.98583e-11
0.016
0.00810114
0.04
0.008
0.008
0.0160002
0.024
0.00800003
0.00800055
0.016
0.008
0.00800001
0.016
1.62262e-07
0.008
4.54083e-10
0.00800005
0.00800017
0.016
0.024
0.008
0.016
0.00800257
0.024
0.024
0.00800001
1.04084e-10
0.0160088
3.5648e-09
0.016
0.016
3.83502e-10
0.04
1.81307e-09
0.04
0.016
0.016005
0.016
0.016
0.00800002
0.008
8.85441e-07
0.008
0.032
0.008
0.024
0.016
0.0080012
0.024
0.008
0.016
1.29203e-05
0.048
2.41228e-09
0.032
0.00822718
0.008
0.024
0.0160001
0.008
0.008
0.024
0.00800008
0.04
0.00800018
0.024
1.12598e-11
0.016
3.08321e-07
0.016
0.024
0.008
0.016
0.00800026
1.59571e-08
0.032
0.00800002
0.008
0.024
0.016
0.024
6.01418e-11
1.00723e-06
0.008
0.024
6.21896e-08
0.032
0.00800001
0.04
1.39436e-05
0.00800095
0.0320001
1.24009e-06
0.00800016
0.008
0.015992
3.89501e-10
0.016
0.0080001
1.15491e-09
0.016
6.35171e-10
0.016
8.53333e-12
0.008
8.27274e-07
0.008
0.0320002
0.016
0.008
0.008
0.024
1.39927e-08
0.016
0.00800089
0.024
0.0240088
0.016
0.018141
0.008
7.91606e-10
0.024
1.43863e-08
0.0160016
0.024
0.024
0.008
0.008
1.1848e-09
0.016
0.008
0.008
0.00800001
0.008
0.008
0.016
5.17991e-10
0.00800001
0.008
0.008
0.008
0.008
0.0160001
0.024
0.016
3.01908e-05
0.016
0.016
1.99834e-09
0.008
6.34037e-12
0.016
0.032
0.008
0.008
4.84404e-11
0.008
0.04
0.016
5.91967e-11
1.49057e-11
0.00800001
0.00800069
0.00800001
0.024
0.00800669
0.016
0.016
0.008
0.008
0.016
0.008
0.016
0.008
0.016
0.008
0.00800059
0.00800015
0.008
0.008
0.016
0.008
0.016
0.008
0.008
0.032
0.008
4.57181e-09
0.016
0.016
0.008
0.00800031
0.016
4.79189e-06
1.23006e-10
3.87796e-10
0.008
0.008
0.016
0.024
0.008
0.016
0.016
0.00800004
0.00800263
1.73293e-08
0.008
0.016
0.016
2.21891e-10
0.016
0.024
0.032
0.016
0.008
4.23028e-11
1.63582e-08
0.024
0.024
0.008
0.016
0.00799999
0.024
0.008
0.016
0.016
0.016
0.008
1.20666e-10
0.016
1.51322e-11
0.00800012
0.024
0.024
0.016
3.01668e-10
0.04
0.016
0.008
8.58823e-10
0.0240001
0.024
0.008
2.75567e-11
0.008
0.016
4.21876e-10
0.016
0.016
5.85914e-06
0.008
1.16571e-11
0.024
0.008
0.04
0.008
0.024
0.008
0.016
0.016
9.72129e-10
0.008
1.45101e-09
1.27385e-10
0.024
3.73893e-05
0.016
0.008
6.04176e-07
0.0160071
0.024
0.0080001
0.016
0.0320001
0.008
5.0527e-14
0.00800009
0.016
7.5745e-10
0.024
0.032
0.016
0.00800001
0.016
0.008
0.024
0.008
0.008
0.008
0.024
0.016
0.008
0.032
0.024
0.00800009
0.016
0.024
0.0160003
0.008
0.0240317
0.032
0.008
0.016
4.53036e-08
0.016
0.008
0.0315499
0.016
0.0160117
0.0160016
0.016
0.016
2.26604e-13
0.008
0.00800001
0.008
0.016
0.016
1.11997e-11
0.008
3.3752e-14
0.024
1.17327e-11
0.0161862
0.024
0.016
0.008
1.60724e-11
0.024
4.34266e-08
5.11959e-14
0.008
0.008
0.024
0.016
3.64116e-06
0.024
0.00800159
0.00800001
0.008
0.016
0.008
0.016
0.016
0.008
0.024
0.008
0.024
0.016
5.96794e-10
1.9032e-07
0.008
0.008
0.016
0.008
1.47004e-10
0.008
0.016
0.008
0.008
0.0240001
0.008
2.46801e-10
0.008
0.016
0.008
0.008
0.016
0.04
0.008
0.00800002
0.016
0.016
0.024
0.016
0.032
0.008
0.008
0.008
0.008
0.024
0.00800003
0.016
0.0160667
0.016
0.016
0.008
0.024
0.032
0.048
1.25999e-11
0.032
1.17215e-11
0.024
0.032
0.008
0.00800388
0.00800001
0.008
0.008
0.032
0.024
0.024
0.008
0.016
0.016
0.032
0.024
0.032
0.024
0.016
5.08386e-13
1.09766e-05
0.016
0.008
2.20633e-11
0.008
0.024
0.016
0.016
0.008
0.008
0.016
0.016
0.024
0.016
0.008
0.016
0.008
0.008
0.01618
0.016
1.98816e-08
0.008
0.016
0.008
0.00800101
0.008
0.008
8.31388e-11
0.016
0.016
0.024
0.016
0.008
0.008
0.016
5.91872e-09
0.024
0.024
6.2355e-12
0.00800001
0.008
0.00800001
0.008
0.024
0.032
8.86686e-06
0.024
0.008
0.024
4.21552e-16
0.024
5.44076e-14
0.016
0.032
0.016
4.87915e-12
0.008
0.016
0.008
0.0160001
0.008
0.032
0.032
0.016
1.32108e-07
0.016
0.008
0.016
0.008
0.024
0.04
3.60982e-12
0.024
0.016
0.032
0.016
0.016
0.008
0.008
0.00800093
0.008
1.33691e-11
2.4423e-15
0.016
2.7868e-10
0.016
0.016
0.0160002
0.024
0.016
0.032
1.26648e-13
2.50586e-10
0.008
0.016
0.016
0.00800001
0.016
7.07415e-05
0.008
1.56044e-10
0.024
0.024
0.008
0.032
0.016
0.0240008
0.008
0.016
0.032
0.008
0.032
0.024
0.016
6.3373e-12
0.008
0.00801352
8.67003e-12
0.016
0.0319991
0.024
0.008
0.024
9.74706e-10
1.7868e-11
0.016
3.74617e-10
0.008
0.016
0.008
0.0160001
0.0160002
0.016
0.04
0.008
0.008
0.008
0.016
0.016
1.59818e-12
0.024
0.016
0.008
5.19543e-12
0.016
0.008
4.61072e-15
0.008
0.024
0.008
0.016
8.9401e-11
0.016
0.016
0.016
0.016
0.016
0.008
2.00531e-11
0.008
1.98872e-12
0.008
0.024
0.008
0.016
0.016
0.032
2.72443e-12
2.79925e-08
6.3633e-10
0.008
0.016
2.85023e-10
0.008
0.0320031
0.00800012
0.024
0.032
0.0160013
1.36169e-09
0.008
0.016
0.016
0.008
0.008
0.024
2.05145e-09
0.032
0.016
0.016
1.01389e-13
0.024
0.008
9.43549e-12
0.016
0.016
0.016
0.008
0.016
0.04
0.008
0.008
0.024
0.016
0.008
6.14429e-09
1.73238e-11
0.032
0.008
0.008
0.024
0.008
0.024
4.89177e-06
0.008
0.016
0.016
0.032
0.024
2.91459e-09
0.024
0.032
0.016
0.008
0.008
0.032
0.024
0.024
0.008
0.016
0.016
6.43474e-08
5.26316e-11
2.42089e-10
0.008
0.008
0.016
0.024
0.008
0.016
0.016
0.008
1.77085e-12
0.008
1.08006e-11
0.008
0.008
0.032
0.008
0.016
0.008
0.008
0.008
5.32534e-11
1.87487e-13
1.79882e-12
0.008
1.16644e-12
0.016
0.008
0.032
1.13774e-08
0.016
0.008
0.016
1.08642e-13
1.90683e-13
0.008
