0.251527
0.256811
0.266262
0.220463
0.200364
0.20149
0.155712
0.184672
0.154886
0.23696
0.195027
0.154996
0.155191
0.216489
0.148423
0.17729
0.188274
0.16434
0.183892
0.147007
0.128546
0.124688
0.149133
0.129219
0.164552
0.183897
0.167051
0.182139
0.168079
0.157349
0.133029
0.139551
0.138903
0.163285
0.147956
0.161085
0.155599
0.199544
0.14872
0.140679
0.128893
0.16197
0.147706
0.160944
0.180513
0.15171
0.130194
0.142055
0.175746
0.153993
0.129619
0.128203
0.164501
0.177992
0.174948
0.1608
0.153037
0.182509
0.16737
0.144227
0.150452
0.138104
0.148166
0.148977
0.180134
0.155668
0.165337
0.228236
0.175612
0.151903
0.14452
0.148384
0.126199
0.163363
0.120778
0.126644
0.157778
0.13162
0.165617
0.15781
0.164772
0.159974
0.153333
0.137686
0.141178
0.185211
0.158439
0.172143
0.165402
0.14319
0.177028
0.133376
0.188797
0.160502
0.146518
0.148153
0.128177
0.190492
0.183733
0.149113
0.158776
0.137437
0.151409
0.143418
0.111971
0.162878
0.160033
0.163279
0.12201
0.163916
0.158483
0.167281
0.148892
0.153344
0.124542
0.155622
0.130558
0.192981
0.199908
0.12604
0.146054
0.137026
0.167074
0.155787
0.144507
0.121327
0.144455
0.148231
0.135262
0.167033
0.19251
0.144645
0.149608
0.168861
0.125536
0.146104
0.126834
0.153309
0.129005
0.135008
0.144653
0.183853
0.173078
0.121884
0.141794
0.137334
0.179869
0.143087
0.171311
0.180734
0.159821
0.162119
0.167761
0.172089
0.150165
0.179734
0.157159
0.188874
0.169221
0.151526
0.13413
0.142914
0.150575
0.171699
0.163561
0.159051
0.134936
0.154265
0.173038
0.13631
0.150345
0.122359
0.172361
0.149916
0.161834
0.159222
0.161842
0.172573
0.154108
0.149621
0.18558
0.193703
0.174073
0.14116
0.126998
0.137786
0.142429
0.135101
0.168065
0.140677
0.116062
0.128811
0.180475
0.166131
0.143657
0.18335
0.147836
0.151479
0.139257
0.157272
0.189407
0.119736
0.140104
0.126444
0.190257
0.196565
0.193123
0.158127
0.135464
0.131717
0.148354
0.14274
0.14711
0.182798
0.172212
0.127179
0.135408
0.148627
0.132489
0.165361
0.162488
0.174029
0.1451
0.160051
0.143895
0.181448
0.146692
0.169392
0.129162
0.127358
0.140962
0.188685
0.114543
0.157159
0.159652
0.173118
0.159053
0.188474
0.152368
0.157189
0.169539
0.134773
0.145095
0.146221
0.149586
0.176608
0.136536
0.142556
0.125035
0.144055
0.137426
0.148732
0.171286
0.150241
0.134114
0.140064
0.17582
0.164949
0.120345
0.160717
0.143022
0.164493
0.137528
0.136309
0.141088
0.184828
0.197678
0.111157
0.144478
0.16607
0.165396
0.14678
0.191103
0.198056
0.137538
0.129501
0.162685
0.159521
0.193652
0.136837
0.166748
0.129481
0.173359
0.158336
0.119119
0.172983
0.150477
0.148903
0.144419
0.139444
0.152549
0.132352
0.172731
0.124563
0.176519
0.167376
0.158669
0.173788
0.165336
0.176879
0.152872
0.131616
0.146165
0.154077
0.162811
0.139637
0.131051
0.176472
0.146665
0.138518
0.144388
0.13768
0.1445
0.180081
0.179652
0.149789
0.133252
0.129698
0.14034
0.143796
0.130652
0.144968
0.171413
0.162208
0.15716
0.152994
0.161229
0.186021
0.139129
0.138567
0.143347
0.140844
0.153977
0.158873
0.147093
0.158814
0.189712
0.16944
0.144699
0.205725
0.191764
0.157722
0.151132
0.174458
0.162769
0.139582
0.138326
0.167239
0.140885
0.177415
0.157346
0.154146
0.148983
0.134251
0.127705
0.153516
0.143178
0.16057
0.153903
0.143485
0.167836
0.177515
0.201854
0.158339
0.161188
0.156715
0.151868
0.145964
0.174604
0.156425
0.19004
0.125587
0.178971
0.140099
0.151376
0.1382
0.179363
0.137715
0.12315
0.160967
0.163437
0.141626
0.167997
0.159904
0.125256
0.139904
0.159917
0.158453
0.178495
0.169884
0.158214
0.213479
0.193917
0.128004
0.176918
0.159575
0.174902
0.141962
0.19101
0.185679
0.166163
0.179636
0.161824
0.122797
0.17191
0.153381
0.140558
0.13183
0.130767
0.175175
0.182978
0.126982
0.163711
0.161263
0.144794
0.163996
0.121082
0.125835
0.135232
0.164868
0.178668
0.18459
0.130112
0.136335
0.152077
0.164258
0.138269
0.150974
0.103826
0.177781
0.173414
0.145708
0.107318
0.160025
0.161026
0.138677
0.148086
0.144302
0.152966
0.173464
0.107466
0.134106
0.217067
0.147842
0.156355
0.114367
0.182075
0.175815
0.143283
0.115881
0.138142
0.152324
0.169808
0.156852
0.160788
0.162676
0.158684
0.17705
0.1488
0.115324
0.124943
0.188061
0.147912
0.165227
0.145301
0.143615
0.146603
0.166773
0.148393
0.170538
0.167635
0.154002
0.128704
0.190976
0.14614
0.192867
0.191835
0.139414
0.131777
0.114194
0.153516
0.138924
0.135432
0.182473
0.186923
0.148681
0.122808
0.186122
0.114556
0.20122
0.159101
0.146761
0.1396
0.185928
0.163469
0.150908
0.138268
0.114181
0.146987
0.177012
0.161181
0.155699
0.144834
0.145793
0.153401
0.165696
0.184305
0.167013
0.122739
0.167862
0.176578
0.141994
0.133558
0.175813
0.125552
0.156571
0.165088
0.176124
0.151306
0.131477
0.118177
0.195919
0.169385
0.199754
0.137605
0.121267
0.166898
0.158581
0.156399
0.195736
0.177263
0.168293
0.155911
0.10645
0.153207
0.148595
0.126048
0.162325
0.187397
0.13325
0.123399
0.155913
0.103548
0.157209
0.153363
0.162854
0.150477
0.116728
0.184412
0.122699
0.173544
0.129321
0.150658
0.14652
0.15394
0.144652
0.180396
0.14501
0.170689
0.173071
0.188572
0.130741
0.132578
0.170171
0.159459
0.152611
0.116794
0.158988
0.16802
0.176608
0.19472
0.138939
0.156714
0.127236
0.164799
0.156954
0.170447
0.181985
0.164395
0.183904
0.180686
0.16783
0.163529
0.164744
0.133374
0.151737
0.121432
0.178839
0.168211
0.16349
0.173906
0.162445
0.168933
0.130485
0.116515
0.170305
0.189349
0.158655
0.157935
0.135047
0.213113
0.130055
0.111843
0.192123
0.184246
0.138056
0.137789
0.143842
0.116592
0.158999
0.151067
0.185683
0.133143
0.160385
0.140436
0.128995
0.122474
0.139681
0.168669
0.178198
0.202786
0.195745
0.125562
0.12657
0.140345
0.128904
0.184428
0.199609
0.179421
0.146026
0.162699
0.139472
0.149442
0.148137
0.148713
0.146088
0.163299
0.134803
0.136854
0.163519
0.152189
0.158901
0.167247
0.150664
0.140395
0.143124
0.147193
0.172158
0.175529
0.167319
0.153954
0.183427
0.174843
0.171688
0.146849
0.160038
0.156424
0.13264
0.136902
0.143456
0.122456
0.145578
0.180599
0.157275
0.15121
0.132544
0.134803
0.157243
0.146304
0.150359
0.129615
0.158481
0.170848
0.145679
0.162145
0.184658
0.11953
0.175431
0.166733
0.123643
0.163498
0.112247
0.174663
0.162264
0.125553
0.130984
0.161545
0.163474
0.13825
0.195503
0.159099
0.166398
0.125947
0.142157
0.167168
0.131933
0.15502
0.163956
0.159377
0.140649
0.172426
0.12225
0.165745
0.14978
0.138475
0.110809
0.154711
0.142692
0.17074
0.198719
0.146878
0.159679
0.146193
0.1732
0.139052
0.153836
0.139759
0.164565
0.172428
0.165927
0.16059
0.154415
0.157601
0.167783
0.127782
0.157135
0.152627
0.134076
0.132436
0.14557
0.158429
0.122581
0.155039
0.139386
0.176474
0.184471
0.145004
0.144372
0.109862
0.167574
0.145974
0.145327
0.156007
0.14056
0.174843
0.135755
0.200648
0.128312
0.141257
0.131612
0.129038
0.159274
0.196783
0.15504
0.148164
0.151539
0.141756
0.123346
0.138736
0.161312
0.197942
0.162352
0.138809
0.139013
0.139321
0.16118
0.197077
0.0985491
0.183284
0.14825
0.161585
0.136348
0.165466
0.180753
0.128444
0.161744
0.160836
0.150204
0.186221
0.131784
0.127769
0.157836
0.144618
0.129228
0.190618
0.135257
0.139664
0.17196
0.120556
0.161478
0.169075
0.165224
0.140362
0.114057
0.146572
0.191148
0.157695
0.183652
0.147412
0.129248
0.193913
0.136913
0.160877
0.151218
0.111139
0.176001
0.156619
0.146193
0.137825
0.171471
0.149276
0.167794
0.152663
0.132442
0.157752
0.150927
0.172109
0.150592
0.161752
0.126371
0.173945
0.146464
0.159679
0.115749
0.153657
0.164912
0.154738
0.197359
0.147894
0.132264
0.159254
0.155451
0.142124
0.138175
0.139246
0.130385
0.159155
0.149316
0.144196
0.143633
0.132807
0.156608
0.16096
0.17508
0.149037
0.141549
0.150548
0.161083
0.143915
0.123321
0.183148
0.134789
0.161298
0.149439
0.171872
0.145855
0.122519
0.148456
0.184294
0.167856
0.207425
0.144623
0.185686
0.142604
0.180001
0.148592
0.153562
0.160397
0.144515
0.188831
0.192003
0.164684
0.123683
0.133467
0.13952
0.146813
0.103531
0.155939
0.140295
0.171332
0.182708
0.156567
0.139813
0.103235
0.222204
0.127133
0.15844
0.148206
0.181696
0.170139
0.159739
0.129804
0.149364
0.114753
0.133447
0.133847
0.139242
0.155055
0.180642
0.10694
0.147019
0.123409
0.161989
0.131263
0.152776
0.18332
0.14728
0.146339
0.155002
0.150416
0.172405
0.188989
0.194774
0.169181
0.184037
0.199637
0.159062
0.120567
0.134773
0.142177
0.165307
0.168577
0.165487
0.177485
0.172889
0.158194
0.152248
0.144926
0.16324
0.12142
0.150683
0.151315
0.128015
0.13643
0.180049
0.161225
0.150288
0.148775
0.143212
0.119255
0.156701
0.139796
0.139171
0.132714
0.100992
0.152111
0.16413
0.172915
0.18372
0.165503
0.188485
0.161371
0.116869
0.215006
0.171769
0.14926
0.143189
0.1573
0.145529
0.182814
0.147065
0.154583
0.167469
0.190007
0.148528
0.136453
0.15908
0.181954
0.153287
0.181834
0.154237
0.17921
0.177099
0.135368
0.161618
0.19801
0.126967
0.136291
0.148181
0.138524
0.13737
0.143545
0.140011
0.138503
0.121804
0.129213
0.153072
0.142726
0.197379
0.168398
0.165457
0.168149
0.106413
0.165521
0.166601
0.134424
0.148892
0.152984
0.168767
0.148317
