0.47
0.48
0.44
0.69
0.71
0.7
0.8
0.78
0.81
0.58
0.71
0.76
0.74
0.64
0.76
0.68
0.76
0.69
0.68
0.73
0.82
0.82
0.74
0.8
0.72
0.6
0.68
0.66
0.8
0.76
0.78
0.74
0.7
0.76
0.72
0.72
0.76
0.68
0.74
0.74
0.8
0.72
0.74
0.76
0.69
0.84
0.76
0.76
0.66
0.72
0.82
0.74
0.74
0.7
0.72
0.76
0.72
0.64
0.7
0.74
0.72
0.84
0.76
0.76
0.72
0.76
0.68
0.58
0.7
0.76
0.8
0.82
0.76
0.76
0.82
0.82
0.72
0.82
0.72
0.7
0.66
0.7
0.74
0.76
0.82
0.66
0.78
0.76
0.68
0.72
0.78
0.82
0.62
0.74
0.76
0.7
0.78
0.68
0.68
0.7
0.72
0.8
0.68
0.78
0.84
0.72
0.76
0.72
0.84
0.7
0.68
0.68
0.66
0.72
0.88
0.68
0.82
0.64
0.74
0.82
0.74
0.78
0.74
0.7
0.78
0.84
0.74
0.72
0.76
0.68
0.7
0.78
0.64
0.64
0.8
0.78
0.8
0.72
0.8
0.78
0.74
0.66
0.72
0.84
0.72
0.8
0.68
0.76
0.64
0.6
0.72
0.76
0.68
0.66
0.74
0.76
0.76
0.6
0.72
0.74
0.78
0.74
0.74
0.7
0.74
0.7
0.84
0.76
0.68
0.78
0.72
0.82
0.74
0.8
0.7
0.78
0.72
0.68
0.76
0.74
0.62
0.66
0.66
0.78
0.84
0.78
0.78
0.76
0.72
0.68
0.84
0.86
0.74
0.66
0.76
0.64
0.72
0.9
0.76
0.74
0.62
0.74
0.72
0.76
0.7
0.66
0.66
0.76
0.74
0.76
0.68
0.7
0.8
0.68
0.74
0.78
0.78
0.8
0.78
0.72
0.68
0.72
0.78
0.74
0.76
0.66
0.78
0.74
0.78
0.7
0.78
0.6
0.8
0.76
0.76
0.68
0.8
0.66
0.74
0.7
0.76
0.78
0.78
0.8
0.72
0.66
0.78
0.74
0.7
0.78
0.86
0.72
0.84
0.72
0.8
0.74
0.68
0.72
0.82
0.76
0.78
0.66
0.78
0.76
0.74
0.72
0.66
0.76
0.8
0.74
0.72
0.84
0.7
0.62
0.74
0.82
0.76
0.76
0.66
0.82
0.7
0.78
0.6
0.74
0.78
0.72
0.88
0.76
0.8
0.76
0.74
0.7
0.72
0.74
0.66
0.7
0.76
0.64
0.7
0.72
0.66
0.8
0.76
0.76
0.72
0.8
0.74
0.8
0.76
0.8
0.76
0.7
0.8
0.64
0.7
0.78
0.78
0.86
0.78
0.72
0.82
0.76
0.66
0.78
0.68
0.7
0.7
0.74
0.78
0.72
0.78
0.74
0.78
0.72
0.7
0.66
0.7
0.68
0.78
0.56
0.58
0.7
0.68
0.68
0.7
0.76
0.82
0.7
0.72
0.7
0.78
0.7
0.8
0.84
0.78
0.76
0.76
0.7
0.7
0.8
0.74
0.68
0.64
0.7
0.72
0.76
0.82
0.8
0.74
0.74
0.72
0.8
0.7
0.82
0.74
0.78
0.64
0.76
0.84
0.7
0.66
0.66
0.72
0.72
0.88
0.68
0.7
0.72
0.78
0.62
0.76
0.6
0.7
0.76
0.7
0.74
0.66
0.86
0.74
0.74
0.72
0.62
0.76
0.76
0.76
0.72
0.76
0.78
0.82
0.72
0.62
0.8
0.62
0.72
0.72
0.64
0.82
0.78
0.76
0.74
0.64
0.68
0.8
0.84
0.72
0.7
0.74
0.72
0.8
0.64
0.68
0.78
0.82
0.7
0.72
0.82
0.72
0.74
0.76
0.74
0.82
0.82
0.64
0.78
0.68
0.82
0.72
0.68
0.78
0.86
0.7
0.74
0.74
0.74
0.78
0.7
0.68
0.6
0.74
0.8
0.8
0.7
0.8
0.7
0.74
0.74
0.78
0.74
0.8
0.76
0.7
0.76
0.78
0.7
0.74
0.6
0.64
0.78
0.8
0.82
0.68
0.72
0.74
0.68
0.7
0.74
0.8
0.68
0.86
0.7
0.72
0.76
0.76
0.68
0.76
0.7
0.74
0.82
0.76
0.7
0.72
0.72
0.82
0.72
0.66
0.74
0.68
0.74
0.8
0.66
0.72
0.76
0.72
0.78
0.8
0.74
0.66
0.7
0.76
0.76
0.82
0.58
0.82
0.56
0.78
0.8
0.76
0.78
0.76
0.7
0.74
0.64
0.68
0.94
0.76
0.7
0.82
0.74
0.64
0.84
0.82
0.68
0.9
0.78
0.76
0.72
0.8
0.9
0.58
0.82
0.74
0.78
0.72
0.78
0.78
0.72
0.74
0.74
0.68
0.7
0.64
0.82
0.78
0.66
0.78
0.74
0.82
0.78
0.7
0.66
0.68
0.78
0.8
0.86
0.7
0.8
0.76
0.72
0.66
0.66
0.68
0.72
0.7
0.72
0.74
0.76
0.76
0.7
0.64
0.72
0.7
0.64
0.72
0.84
0.84
0.62
0.58
0.72
0.78
0.78
0.58
0.78
0.86
0.64
0.64
0.76
0.76
0.76
0.8
0.7
0.74
0.72
0.84
0.72
0.72
0.82
0.8
0.76
0.7
0.58
0.62
0.68
0.84
0.82
0.74
0.78
0.72
0.7
0.72
0.8
0.7
0.7
0.68
0.72
0.74
0.78
0.72
0.8
0.8
0.7
0.72
0.72
0.68
0.68
0.72
0.84
0.7
0.74
0.74
0.68
0.7
0.7
0.68
0.66
0.76
0.68
0.68
0.78
0.76
0.72
0.78
0.8
0.72
0.7
0.8
0.78
0.76
0.76
0.76
0.7
0.82
0.78
0.72
0.72
0.7
0.68
0.8
0.64
0.6
0.8
0.7
0.84
0.66
0.76
0.82
0.84
0.74
0.66
0.8
0.66
0.72
0.76
0.8
0.74
0.76
0.76
0.68
0.76
0.78
0.76
0.6
0.86
0.68
0.8
0.76
0.8
0.72
0.74
0.7
0.66
0.7
0.74
0.7
0.66
0.72
0.72
0.76
0.68
0.7
0.7
0.66
0.76
0.7
0.76
0.82
0.76
0.78
0.76
0.76
0.84
0.74
0.8
0.78
0.8
0.74
0.58
0.74
0.78
0.82
0.72
0.68
0.82
0.7
0.72
0.68
0.8
0.58
0.76
0.74
0.8
0.76
0.7
0.62
0.7
0.72
0.72
0.8
0.82
0.74
0.7
0.7
0.7
0.78
0.82
0.78
0.68
0.64
0.8
0.68
0.8
0.66
0.7
0.72
0.66
0.8
0.68
0.76
0.72
0.66
0.8
0.78
0.72
0.72
0.78
0.68
0.72
0.78
0.74
0.88
0.68
0.72
0.72
0.82
0.76
0.76
0.66
0.76
0.68
0.74
0.8
0.68
0.74
0.74
0.76
0.82
0.66
0.78
0.78
0.74
0.7
0.74
0.66
0.8
0.78
0.76
0.74
0.66
0.76
0.74
0.8
0.7
0.62
0.72
0.86
0.68
0.66
0.7
0.66
0.74
0.84
0.72
0.74
0.7
0.78
0.84
0.82
0.72
0.82
0.78
0.74
0.88
0.68
0.7
0.72
0.8
0.78
0.76
0.72
0.72
0.8
0.66
0.84
0.78
0.8
0.76
0.72
0.84
0.76
0.7
0.76
0.68
0.72
0.64
0.84
0.64
0.76
0.74
0.74
0.74
0.6
0.66
0.72
0.82
0.72
0.8
0.72
0.84
0.72
0.8
0.66
0.64
0.76
0.8
0.84
0.58
0.78
0.76
0.78
0.66
0.7
0.72
0.72
0.76
0.9
0.72
0.76
0.82
0.78
0.72
0.88
0.74
0.74
0.76
0.74
0.76
0.58
0.72
0.76
0.7
0.8
0.72
0.62
0.66
0.72
0.68
0.64
0.76
0.76
0.74
0.74
0.74
0.8
0.72
0.58
0.7
0.76
0.78
0.78
0.74
0.8
0.72
0.72
0.78
0.7
0.7
0.64
0.74
0.7
0.76
0.78
0.74
0.82
0.72
0.8
0.74
0.72
0.76
0.7
0.66
0.72
0.64
0.68
0.8
0.66
0.68
0.76
0.76
0.7
0.74
0.62
0.72
0.76
0.74
0.7
0.72
0.76
0.74
0.72
0.72
0.7
0.78
0.62
0.72
0.72
0.72
0.62
0.76
0.78
0.66
0.74
0.74
0.76
0.8
0.7
0.76
0.84
0.74
0.68
0.72
0.7
0.74
0.74
0.86
0.72
0.62
0.76
0.78
0.72
0.72
0.74
