0.240458
0.106818
0.0756834
0.0911243
0.0937959
0.0828049
0.0547962
0.0513644
0.0191794
0.0272404
0.0185043
0.0469688
0.0211929
0.0206637
0.00180817
0.0201166
0.0243439
0.000445383
0.000139937
6.50312e-05
0.00139309
9.62978e-05
0.0200343
0.00225796
0.000419826
0.00194615
0.000111063
0.0400113
0.000330776
0.0161275
2.30432e-05
5.89673e-06
1.94461e-05
0.000135516
8.30155e-06
5.60467e-06
2.61962e-05
5.23854e-05
2.41597e-05
4.10436e-05
7.82659e-05
0.00397362
0.0187797
1.21117e-06
9.88485e-06
2.89219e-07
0.0201412
0.000837468
0.020011
4.73472e-05
0.00244505
0.00110062
0.00878218
0.00104105
1.80483e-06
2.13887e-06
5.24588e-06
3.41504e-06
0.000820814
7.11854e-05
3.71233e-08
3.72215e-08
0.000528525
4.09092e-05
0.00105038
3.50138e-05
1.75263e-06
1.03427e-05
3.6075e-08
0.000146305
0.000285715
0.0200324
3.92476e-07
0.0201479
8.08328e-05
3.49083e-08
4.64497e-07
6.06307e-07
0.00010418
7.25461e-06
4.45002e-06
2.80035e-07
8.15763e-06
1.16139e-07
2.43547e-07
0.000337298
2.93742e-06
4.9299e-05
0.000178133
1.26214e-07
1.93119e-06
0.000396866
0.0200213
1.58787e-05
1.60706e-05
6.11257e-07
9.6868e-08
3.32679e-11
2.60699e-07
7.34068e-08
0.00028165
2.23681e-10
6.51918e-06
0.0200007
5.14704e-10
3.09081e-11
6.86401e-09
2.79914e-07
4.23929e-08
3.56334e-10
1.00268e-08
1.48392e-09
5.27429e-05
4.56743e-09
0.000434578
8.01008e-07
2.6037e-05
0.000248249
0.000485196
0.000129453
1.89792e-05
0.000264785
0.000748417
2.74674e-08
1.10543e-06
1.68847e-09
6.2049e-10
0.000218534
2.44899e-08
1.83565e-07
0.000400979
7.27387e-07
8.1463e-07
0.0200006
1.13766e-10
0.000320014
3.17686e-07
1.43244e-09
2.02238e-08
3.33208e-09
8.50736e-09
2.33843e-06
1.05838e-05
9.65674e-08
2.3153e-08
1.64469e-06
5.71513e-11
6.73458e-06
0.000808211
0.000855661
1.09903e-08
3.40286e-10
1.53742e-12
1.66371e-09
3.31465e-08
3.71399e-06
1.11365e-06
0.000169184
1.33981e-09
9.11466e-07
0.0200001
0.000735286
0.003572
0.0195968
4.13419e-09
0.0177821
9.60594e-12
2.84964e-08
5.11722e-08
0.000112126
3.48113e-05
2.28829e-06
2.08646e-09
1.36394e-08
2.8568e-09
7.17646e-09
4.00526e-10
6.88213e-07
4.31822e-11
4.32864e-08
0.0141345
5.68465e-08
2.66666e-09
2.33342e-05
5.28122e-09
3.46518e-06
5.61206e-08
2.82105e-06
4.24255e-12
0.0199943
4.09704e-11
0.0192225
5.33079e-06
7.87338e-12
3.06063e-07
1.1483e-09
2.7319e-05
3.31806e-06
0.000216575
4.92291e-08
1.52814e-12
4.86265e-07
3.88543e-08
2.51768e-09
2.24824e-07
1.22786e-06
7.47984e-07
1.15643e-06
4.11479e-10
6.84035e-06
9.62482e-09
2.42647e-07
0.02
1.15808e-05
0.0182013
2.46823e-09
0.000668037
0.00476026
3.32555e-10
6.78843e-08
0.0199311
1.66494e-05
2.73113e-10
2.00614e-07
0.0200009
8.47033e-07
6.27602e-08
3.42896e-07
0.00193295
0.02
0.00165958
7.36376e-10
4.68713e-08
8.22227e-09
3.31103e-09
8.43367e-11
1.64193e-07
7.17695e-09
1.62767e-07
1.43701e-08
9.18991e-08
6.95943e-08
1.21268e-08
9.1063e-07
1.48241e-10
2.01465e-11
9.31579e-07
7.31273e-05
1.0025e-06
1.25604e-05
5.5261e-09
0.0194885
6.42824e-11
2.45423e-07
0.0120246
0.000445288
6.46149e-07
2.08187e-11
2.42491e-07
3.11692e-11
4.84723e-08
1.95783e-10
0.000173326
2.23404e-09
8.64576e-10
9.26577e-08
2.26098e-09
0.0200207
0.0199994
1.56547e-05
3.64111e-11
4.18686e-07
2.74463e-05
1.53233e-05
2.53041e-05
0.0186197
1.05357e-08
0.0396798
2.06875e-05
1.18417e-05
1.69355e-06
0.000165303
4.71686e-07
2.50764e-05
1.87666e-06
0.0152144
0.000317023
5.96682e-08
1.2841e-07
1.7405e-06
0.00842765
0.0107845
8.92656e-08
2.54522e-09
0.0193389
0.000246474
8.09224e-09
0.00478423
2.71881e-07
0.028102
7.11627e-08
4.15914e-09
8.89163e-06
9.27779e-07
7.25072e-09
1.32328e-06
0.02
0.000134646
7.81745e-07
1.988e-05
1.4798e-07
0.0339394
0.0164996
0.0184265
0.00359642
0.00592403
0.0134928
0.00776629
0.0199644
7.6978e-08
2.90657e-06
1.36646e-05
3.95172e-06
0.00606453
0.0287595
0.0306081
0.000885718
1.93648e-06
4.95877e-07
8.43891e-07
0.00147645
2.13709e-08
0.0200156
0.0346399
1.48291e-06
0.00261007
6.87961e-05
0.02
0.00100976
2.50174e-06
2.242e-05
0.04
1.23306e-06
0.0250612
0.0202298
0.00415494
6.53307e-09
0.0181537
0.0376614
0.0199998
1.95243e-08
5.34363e-06
3.03818e-07
0.000117907
0.0188872
0.0198525
0.00334543
0.00025591
3.90933e-05
0.0400426
0.0101163
0.00319519
2.98494e-07
0.00554028
0.0198868
0.0283522
0.0129993
0.00957357
7.40441e-06
0.000154542
0.0162191
0.020992
1.43936e-06
0.0376363
0.00983296
0.000219349
0.0305716
0.0191817
0.0389804
0.0197205
0.0199954
0.00139748
0.0202734
0.0377823
0.0224507
0.00362436
0.000254654
0.0590305
0.0199657
4.9154e-06
0.000491582
0.0179875
0.0213671
0.000214959
0.0212754
0.0187578
0.00521921
0.0252342
0.0212717
0.0191352
0.00279844
1.28346e-05
0.0134345
0.0199463
0.00292246
8.95371e-05
0.0161
7.75636e-05
0.0166361
0.0192366
0.000918859
0.00025361
0.00385498
2.11733e-05
0.0190445
0.0200772
0.01999
0.018959
0.000692258
0.0200788
0.0222545
0.0123411
0.0218541
0.0138014
0.00994916
0.00263998
0.0396638
0.0123651
0.0221667
0.00350157
0.00374699
0.00102925
0.0279099
0.0205188
0.00505263
0.0016174
0.0101939
0.00461512
0.00643987
0.0422211
0.000132503
0.0227615
0.0391267
0.0310645
0.00645329
0.0336965
0.0033086
0.0541108
0.0135148
0.0161181
0.0428799
0.003563
0.0172326
0.00839146
0.0241252
0.0482108
0.0318898
0.0380382
0.0373034
0.0356148
0.0144704
0.054118
0.0190811
0.0167532
0.0186799
0.0187609
0.0125904
0.0175138
0.030347
0.0131171
0.0438125
0.0170035
0.0215313
0.00955194
0.0427215
0.0222182
0.0327738
0.022216
0.0911268
0.0316518
0.0265395
0.058344
0.09419
0.0290961
0.0498972
0.0286688
0.053236
0.0590382
0.0456213
0.0229148
0.0278531
0.0361041
0.0164285
0.0524382
0.0806453
0.0513613
0.0316921
0.123355
0.0511662
0.0317143
0.0131902
0.0384512
0.0201309
0.0185257
0.0207505
0.0507451
0.0623464
0.0508491
0.0282085
0.0479267
0.0552075
0.0449917
0.0482832
0.0952384
0.0321035
0.04787
0.0693868
0.0399716
0.024148
0.0631345
0.0670776
0.0842502
0.0647867
0.0681732
0.0333804
0.0256655
0.026738
0.0169577
0.0415783
0.0489527
0.0767105
0.116766
0.0485455
0.0390645
0.0270384
0.0255039
0.0173405
0.0461426
0.0428722
0.024822
0.0623148
0.0346082
0.0396153
0.0540566
0.0442116
0.0846734
0.0474115
0.0439657
0.130758
0.0620291
0.0819285
0.0308619
0.0133033
0.0577928
0.0293601
0.0435198
0.0797779
0.0573488
0.0708848
0.107929
0.111717
0.0740022
0.0622998
0.10255
0.0438958
0.0611919
0.073297
0.0772552
0.0947072
0.0227012
0.0818649
0.0666489
0.0463351
0.0763328
0.0957307
0.0957779
0.0546564
0.0432658
0.0304716
0.058455
0.0720817
0.0517744
0.0681381
0.0829817
0.103248
0.0957592
0.0645015
0.102817
0.0382402
0.106313
0.0751388
0.11498
0.0910608
0.0666183
0.106135
0.077181
0.0747226
0.0755709
0.107517
0.0727487
0.0389906
0.0615962
0.0902732
0.0562784
0.107901
0.0666302
0.0456024
0.0909977
0.0706857
0.0670902
0.0770771
0.0937683
0.077985
0.121107
0.104512
0.0877683
0.0849409
0.0715732
0.0922617
0.0964006
0.121727
0.11112
0.150046
0.0304623
0.140861
0.116253
0.096088
0.064003
0.0894497
0.176343
0.0777127
0.0821967
0.158005
0.123818
0.0778706
0.0461329
0.0938914
0.147091
0.0878642
0.106635
0.0463744
0.0723419
0.144364
0.145483
0.0658254
0.0885553
0.0584382
0.130905
0.0939693
0.0673248
0.0605313
0.103738
0.0839095
0.0887126
0.0793225
0.119839
0.0452236
0.155211
0.127201
0.0778625
0.0955615
0.108368
0.100571
0.0819005
0.167778
0.104907
0.0679329
0.107441
0.0974534
0.113545
0.11758
0.101329
0.135129
0.0863527
0.137283
0.121939
0.0860901
0.122237
0.12604
0.0591908
0.102133
0.116516
0.0844522
0.0766921
0.15709
0.118082
0.108755
0.168802
0.0771591
0.164423
0.134267
0.077705
0.127467
0.148586
0.102946
0.176439
0.124779
0.106089
0.152567
0.140194
0.112535
0.15204
0.162311
0.123295
0.141022
0.109086
0.138794
0.14772
0.110549
0.104688
0.14512
0.0820465
0.139084
0.105896
0.10062
0.173647
0.108817
0.149465
0.094323
0.10942
0.153093
0.167566
0.15
0.0974262
0.0921519
0.117203
0.187011
0.160503
0.0917161
0.146331
0.154674
0.0848266
0.0945786
0.156648
0.135386
0.127437
0.101031
0.158936
0.142361
0.113941
0.170322
0.130352
0.174467
0.104218
0.120297
0.108734
0.145741
0.201843
0.151177
0.118096
0.117041
0.0548589
0.168797
0.11393
0.161751
0.131599
0.155784
0.123724
0.165171
0.174775
0.115288
0.0812289
0.0874974
0.084252
0.095924
0.14569
0.184515
0.129871
0.164762
0.148787
0.134057
0.148074
0.121209
0.187291
0.153094
0.113453
0.1263
0.151025
0.181394
0.143026
0.12083
0.120309
0.154629
0.124922
0.141377
0.15947
0.179938
0.114145
0.106839
0.0982907
0.116214
0.123783
0.148904
0.0822109
0.130831
0.133938
0.135591
0.123492
0.109409
0.0779505
0.157889
0.136455
0.134432
0.12666
0.124615
0.158774
0.131312
0.128172
0.121414
0.139452
0.163067
0.0864124
0.0738825
0.122697
0.148398
0.111275
0.12423
0.164911
0.128929
0.108771
0.113417
0.0938817
0.140108
0.117391
0.185172
0.180011
0.132065
0.18123
0.122226
0.124497
0.147813
0.142546
0.110272
0.197502
0.146072
0.195749
0.154461
0.153223
0.0939892
0.0986622
0.120889
0.138888
0.115767
0.138977
0.136138
0.100964
0.120249
0.137138
0.0969341
0.141342
0.187647
0.124698
0.141964
0.168237
0.137312
0.118356
0.155053
0.136616
0.124677
0.14575
0.203058
0.166819
0.148714
0.140696
0.124533
0.171889
0.099885
0.152429
0.129796
0.169824
0.119906
0.171183
0.148778
0.157989
0.126636
0.151237
0.201995
0.207295
0.149254
0.157528
0.12587
0.144887
0.18583
0.199136
0.172881
0.168947
0.148676
0.167697
0.147354
0.16133
0.19813
0.112285
0.112306
0.135678
0.112564
0.133578
0.183984
0.196402
0.108791
0.169044
0.109633
0.205991
0.173867
0.151985
0.147697
0.146798
0.137795
0.13246
0.191971
0.1279
0.15102
0.163289
0.196579
0.143942
0.127132
0.111358
0.10254
0.118801
0.15208
0.142988
0.0983521
0.157094
0.18897
0.174938
0.129398
0.152948
0.166884
0.144632
0.171099
0.164402
0.151173
0.111346
0.169875
0.168704
0.114067
0.152624
0.106369
0.196642
0.120947
0.139135
0.248577
0.172965
0.153628
0.177006
0.156428
0.199907
0.128175
0.108998
0.158103
0.157858
0.120529
0.170171
0.159487
0.158434
0.200663
0.137314
0.164365
0.152929
0.211126
0.133315
0.171529
0.1462
0.212201
0.151889
0.144622
0.123199
0.137397
0.145096
0.134386
0.166607
0.125913
0.130552
0.21625
0.1631
0.217703
0.141978
0.133508
0.159177
0.140312
0.144508
0.155283
0.162637
0.142964
0.148212
0.1308
0.162163
0.17938
0.145056
0.153574
0.173123
0.20426
0.179093
0.181591
0.142054
0.177868
0.162917
0.164239
0.210796
0.235619
0.179192
