0.52
0.87
0.89
0.88
0.87
0.92
0.94
0.94
0.98
0.96
0.98
0.94
0.96
0.98
1.0
0.98
0.98
1.0
1.0
1.0
1.0
1.0
0.98
1.0
1.0
1.0
1.0
0.96
1.0
0.98
1.0
1.0
1.0
1.0
1.0
1.0
1.0
1.0
1.0
1.0
1.0
1.0
0.98
1.0
1.0
1.0
0.98
1.0
0.98
1.0
1.0
1.0
0.98
1.0
1.0
1.0
1.0
1.0
1.0
1.0
1.0
1.0
1.0
1.0
1.0
1.0
1.0
1.0
1.0
1.0
1.0
0.98
1.0
0.98
1.0
1.0
1.0
1.0
1.0
1.0
1.0
1.0
1.0
1.0
1.0
1.0
1.0
1.0
1.0
1.0
1.0
1.0
0.98
1.0
1.0
1.0
1.0
1.0
1.0
1.0
1.0
1.0
1.0
0.98
1.0
1.0
1.0
1.0
1.0
1.0
1.0
1.0
1.0
1.0
1.0
1.0
1.0
1.0
1.0
1.0
1.0
1.0
1.0
1.0
1.0
1.0
1.0
1.0
1.0
1.0
1.0
1.0
1.0
0.98
1.0
1.0
1.0
1.0
1.0
1.0
1.0
1.0
1.0
1.0
1.0
1.0
1.0
1.0
1.0
1.0
1.0
1.0
1.0
1.0
1.0
1.0
1.0
1.0
1.0
1.0
0.98
1.0
1.0
0.98
1.0
0.98
1.0
1.0
1.0
1.0
1.0
1.0
1.0
1.0
1.0
1.0
1.0
1.0
1.0
1.0
0.98
1.0
1.0
1.0
1.0
1.0
1.0
1.0
1.0
0.98
1.0
0.98
1.0
1.0
1.0
1.0
1.0
1.0
1.0
1.0
1.0
1.0
1.0
1.0
1.0
1.0
1.0
1.0
1.0
1.0
1.0
1.0
0.98
1.0
0.98
1.0
1.0
1.0
1.0
1.0
0.98
1.0
1.0
1.0
0.98
1.0
1.0
1.0
1.0
0.98
1.0
1.0
1.0
1.0
1.0
1.0
1.0
1.0
1.0
1.0
1.0
1.0
1.0
1.0
1.0
1.0
1.0
1.0
1.0
1.0
1.0
0.98
1.0
1.0
0.98
1.0
1.0
1.0
1.0
1.0
1.0
1.0
1.0
1.0
1.0
1.0
1.0
0.98
0.98
1.0
1.0
1.0
1.0
1.0
1.0
0.98
1.0
0.94
1.0
1.0
1.0
1.0
1.0
1.0
1.0
0.98
1.0
1.0
1.0
1.0
0.98
0.98
1.0
1.0
0.98
1.0
1.0
1.0
1.0
0.96
1.0
1.0
1.0
1.0
1.0
1.0
0.98
1.0
1.0
1.0
1.0
0.96
0.98
0.98
1.0
0.98
0.98
0.98
0.98
1.0
1.0
1.0
1.0
0.98
0.96
0.96
1.0
1.0
1.0
1.0
1.0
1.0
0.98
0.96
1.0
1.0
1.0
0.98
1.0
1.0
1.0
0.96
1.0
0.96
0.98
1.0
1.0
0.98
0.96
0.98
1.0
1.0
1.0
1.0
0.98
0.98
1.0
1.0
1.0
0.96
0.98
1.0
1.0
0.98
0.98
0.96
0.98
0.98
1.0
1.0
0.98
0.98
1.0
0.96
0.98
1.0
0.96
0.98
0.96
0.98
0.98
1.0
0.98
0.96
0.98
1.0
1.0
0.92
0.98
1.0
1.0
0.98
0.98
1.0
0.98
0.98
0.98
0.98
0.98
0.98
1.0
1.0
0.98
0.98
1.0
1.0
0.98
1.0
0.98
0.98
1.0
1.0
1.0
1.0
0.98
0.98
0.98
0.98
1.0
0.98
0.98
0.98
0.98
0.98
1.0
1.0
0.96
0.98
0.96
1.0
1.0
1.0
0.98
0.98
1.0
1.0
1.0
1.0
0.98
0.94
1.0
0.98
0.94
0.96
1.0
0.96
1.0
0.96
0.98
0.96
0.94
1.0
0.96
1.0
0.98
0.94
0.96
0.96
0.94
0.94
0.98
0.92
0.98
0.98
0.96
0.98
0.98
0.98
0.94
0.98
0.94
0.96
0.98
0.98
0.96
0.98
0.96
0.96
0.88
0.96
0.98
0.88
0.88
0.96
0.94
0.96
0.92
0.94
0.9
0.98
0.96
0.94
1.0
0.94
0.9
0.92
0.94
0.84
0.92
0.98
0.98
0.94
0.98
0.98
0.98
0.92
0.92
0.96
0.94
0.94
0.92
0.94
0.92
0.88
0.94
0.94
0.9
0.96
0.98
0.9
0.92
0.9
0.92
0.92
0.96
0.96
0.98
0.98
0.96
0.94
0.88
0.82
0.94
0.96
0.94
0.98
0.98
0.94
0.94
0.98
0.92
0.96
0.92
0.9
0.96
0.9
0.94
0.96
0.82
0.94
0.9
0.96
1.0
0.94
0.96
0.96
0.92
0.92
0.9
0.9
0.88
0.86
0.92
0.88
0.96
0.96
0.9
0.92
0.88
0.98
0.9
0.9
0.94
0.88
0.88
0.84
0.92
0.96
0.98
0.92
0.88
0.94
0.9
0.9
0.86
0.82
0.94
0.84
0.96
0.88
0.92
0.86
0.82
0.92
0.84
0.9
0.92
0.86
0.86
0.92
0.96
0.92
0.9
0.94
0.86
0.94
0.94
0.9
0.9
0.9
0.92
0.88
0.88
0.84
0.86
0.9
0.88
0.88
0.9
0.86
0.8
0.88
0.8
0.98
0.82
0.82
0.86
0.94
0.88
0.7
0.9
0.92
0.82
0.84
0.9
0.96
0.86
0.8
0.9
0.88
0.96
0.9
0.78
0.8
0.96
0.84
0.96
0.82
0.88
0.88
0.96
0.86
0.86
0.9
0.88
0.82
0.96
0.78
0.78
0.9
0.88
0.84
0.9
0.86
0.76
0.9
0.9
0.86
0.88
0.84
0.82
0.88
0.82
0.84
0.8
0.82
0.88
0.84
0.82
0.96
0.86
0.88
0.88
0.92
0.76
0.82
0.84
0.76
0.92
0.74
0.8
0.88
0.82
0.8
0.84
0.74
0.84
0.84
0.8
0.78
0.84
0.76
0.76
0.88
0.8
0.86
0.82
0.76
0.84
0.86
0.78
0.9
0.8
0.82
0.84
0.72
0.86
0.84
0.9
0.86
0.74
0.72
0.78
0.9
0.9
0.86
0.7
0.74
0.92
0.76
0.74
0.9
0.84
0.76
0.82
0.78
0.9
0.8
0.82
0.84
0.74
0.8
0.72
0.86
0.84
0.84
0.78
0.74
0.78
0.8
0.8
0.94
0.74
0.86
0.82
0.82
0.76
0.8
0.78
0.76
0.86
0.9
0.84
0.9
0.86
0.8
0.72
0.8
0.78
0.78
0.8
0.78
0.8
0.78
0.76
0.9
0.84
0.8
0.74
0.82
0.84
0.78
0.74
0.82
0.82
0.8
0.74
0.84
0.84
0.9
0.82
0.76
0.8
0.9
0.86
0.84
0.84
0.8
0.88
0.9
0.72
0.76
0.82
0.84
0.84
0.78
0.78
0.84
0.8
0.82
0.76
0.9
0.9
0.78
0.76
0.84
0.8
0.82
0.84
0.84
0.84
0.9
0.8
0.88
0.72
0.72
0.8
0.74
0.82
0.84
0.82
0.78
0.88
0.7
0.82
0.7
0.76
0.78
0.84
0.84
0.8
0.8
0.82
0.76
0.8
0.88
0.8
0.78
0.88
0.8
0.8
0.84
0.84
0.68
0.86
0.82
0.78
0.84
0.8
0.76
0.7
0.76
0.8
0.84
0.82
0.78
0.88
0.8
0.82
0.72
0.82
0.8
0.76
0.8
0.84
0.8
0.74
0.62
0.76
0.84
0.84
0.78
0.7
0.74
0.76
0.78
0.78
0.7
0.78
0.76
0.66
0.86
0.84
0.88
0.82
0.82
0.74
0.74
0.82
0.7
0.88
0.66
0.76
0.78
0.78
0.78
0.8
0.84
0.74
0.8
0.76
0.76
0.7
0.76
0.82
0.8
0.82
0.84
0.8
0.78
0.9
0.76
0.74
0.72
0.84
0.8
0.76
0.78
0.72
0.72
0.76
0.86
0.74
0.76
0.86
0.8
0.92
0.76
0.9
0.78
0.68
0.74
0.76
0.76
0.78
0.72
0.82
0.86
0.74
0.8
0.84
0.82
0.76
0.74
0.64
0.76
0.76
0.8
0.68
0.8
0.74
0.8
0.7
0.78
0.76
0.84
0.82
0.82
0.8
0.78
0.8
0.86
0.7
0.68
0.7
0.84
0.78
0.78
0.82
0.8
0.78
0.72
0.8
0.74
0.78
0.78
0.74
0.8
0.78
0.7
0.68
0.72
0.72
0.78
0.72
0.78
0.72
0.68
0.62
0.78
