0.247151
0.143633
0.0876534
0.135922
0.114538
0.037705
0.0500889
0.0457147
0.071885
0.022226
0.022388
0.0123453
0.0215957
0.000303201
0.00279305
0.00344865
0.000101017
0.000724834
0.000552043
0.000414381
0.000576363
0.0384684
0.000202053
0.000225014
0.0211265
0.000431456
2.12859e-05
0.000918283
5.36661e-05
3.03505e-05
5.00657e-05
0.0200676
0.0200237
7.95397e-06
1.81441e-05
0.000237977
2.49178e-06
1.27364e-06
3.35057e-05
0.000710361
3.37668e-05
0.0200642
2.60994e-06
0.000238752
2.41638e-05
0.000300385
1.05825e-05
2.0546e-05
0.0200105
0.000107879
0.039993
5.09487e-06
1.01406e-08
2.40925e-05
2.07571e-07
1.12334e-06
1.8041e-06
0.021152
0.0200014
0.020088
1.60853e-06
2.45451e-05
2.28582e-06
0.000696824
3.77743e-06
1.09806e-05
2.46819e-09
1.22617e-05
0.0199989
1.50469e-05
2.10549e-09
0.000119032
8.14145e-07
0.0199954
0.00014784
0.00257408
1.671e-07
0.0201003
0.0144219
1.68671e-07
0.00871909
3.20537e-07
2.25933e-05
0.00107634
1.4919e-06
7.42213e-07
3.49375e-08
1.09329e-05
5.04453e-09
8.05521e-08
1.73021e-06
0.00125755
1.45056e-05
9.81971e-07
0.0191137
0.000788875
9.96469e-09
1.74988e-06
0.00225504
2.65139e-08
0.000232327
3.32821e-07
0.00143254
0.0219579
1.2077e-08
2.8692e-06
2.99957e-06
5.24043e-06
0.0400736
3.25563e-06
5.82389e-08
1.83764e-05
8.35448e-08
1.04154e-07
0.000101478
0.0200001
1.81344e-06
3.66001e-09
1.08233e-05
0.0160475
2.6498e-11
3.41388e-08
0.0199962
1.64597e-05
0.0200001
0.0197263
1.48944e-08
1.14815e-07
9.62028e-05
4.45722e-08
9.02727e-10
8.72261e-08
4.73716e-08
2.46762e-08
0.02
9.30142e-08
8.02938e-06
8.48773e-09
4.80137e-08
2.89532e-06
4.32193e-06
9.89293e-10
0.00016769
0.009532
4.84577e-05
1.28416e-08
7.47172e-08
1.11052e-06
1.9095e-11
3.44406e-10
9.64087e-11
6.34175e-11
2.55808e-07
0.02
0.000385206
0.0195862
1.71312e-07
1.35931e-06
2.66136e-10
2.89127e-08
5.51278e-10
2.14238e-09
8.94085e-07
4.43911e-07
1.0996e-09
9.49084e-11
2.43352e-07
2.02856e-07
6.27733e-06
3.18255e-05
5.6532e-05
0.000153412
0.000827164
2.92378e-06
2.01653e-06
0.00367094
1.97293e-06
0.000140252
3.37771e-08
5.30513e-11
0.0200002
3.49072e-09
7.84511e-08
0.000263416
2.63813e-09
6.36525e-09
2.66748e-05
3.29179e-09
4.42797e-10
6.1442e-07
9.8452e-08
7.12548e-08
2.50051e-06
0.00453983
4.5085e-08
6.46747e-09
1.09489e-06
1.0718e-07
2.17081e-09
1.40373e-09
4.51196e-11
