0.2511
0.225022
0.159027
0.141831
0.120864
0.101907
0.133273
0.0726274
0.0501002
0.0449653
0.104529
0.0513435
0.035857
0.00810568
0.0246133
0.028944
0.0130254
0.021681
0.00211892
0.00681113
0.0603665
0.00329581
0.0235878
0.0491398
0.0374362
0.00102244
0.00120649
0.000329664
0.000353479
7.81878e-06
0.00230644
0.0192708
2.73685e-05
4.23981e-05
0.0200219
5.72943e-05
3.05529e-05
0.000735173
7.3136e-05
0.000199867
8.93879e-05
0.000141416
0.0398977
7.49244e-06
5.55726e-06
0.0198492
8.42079e-05
0.00120678
6.75017e-06
0.0201707
7.96184e-05
2.34708e-05
0.00635402
1.54129e-06
1.41137e-05
0.019943
3.11493e-07
4.62497e-06
8.8431e-05
3.17425e-07
0.000111016
7.14393e-05
2.5939e-05
0.000341199
0.000109013
2.14593e-06
9.24085e-07
1.6215e-05
0.0200001
7.54612e-05
3.32598e-06
2.94e-06
0.0072497
0.000165843
3.60915e-06
0.0199998
0.000745316
1.42231e-05
3.30556e-05
4.50774e-06
7.66916e-07
2.74401e-05
2.78368e-07
0.000476133
5.9215e-09
1.37216e-06
1.46996e-06
0.000111601
6.631e-05
3.6459e-07
8.22828e-08
9.47578e-05
9.71232e-06
0.0200003
2.31406e-07
0.000136684
8.19852e-07
5.64799e-06
1.66497e-05
9.63475e-06
2.89301e-08
4.85193e-06
3.377e-07
5.58329e-06
5.32744e-06
3.98914e-06
6.41454e-06
2.73117e-05
2.07756e-05
3.17168e-07
5.68319e-06
3.20669e-08
8.09935e-07
1.82475e-08
1.20018e-06
5.01148e-07
2.78562e-06
0.0200005
5.52402e-06
1.65376e-07
4.30304e-06
2.41039e-07
6.07648e-07
1.25716e-08
1.80981e-07
4.57917e-08
8.07509e-07
4.84824e-07
1.44461e-06
8.93727e-06
0.0199998
2.90371e-08
1.08696e-08
1.08614e-07
0.000173643
7.14342e-06
2.01178e-07
8.81859e-08
7.12577e-08
1.28259e-07
1.94795e-06
2.26386e-05
2.10478e-06
1.61101e-05
2.26673e-09
0.000242474
1.03628e-07
7.90337e-06
7.6117e-05
1.05598e-06
2.31101e-05
8.16676e-07
6.50797e-09
1.97275e-07
3.8601e-07
2.62988e-07
6.20912e-08
1.51374e-07
4.58622e-08
2.03501e-08
7.60676e-07
1.12805e-08
1.44864e-07
1.22724e-06
1.7555e-08
1.31164e-08
7.74309e-05
1.00682e-07
4.56677e-08
5.60559e-08
7.43658e-07
2.04386e-06
4.25811e-06
5.9399e-07
2.63206e-07
1.44864e-07
0.02
8.28859e-08
2.42954e-08
1.93327e-07
1.44447e-07
6.82853e-06
1.1232e-07
0.02
8.34776e-08
9.25014e-09
2.29487e-07
7.27998e-06
6.50051e-07
1.50869e-08
0.0199988
4.19329e-08
8.22683e-05
2.6267e-08
7.09325e-09
8.23873e-09
1.20228e-09
1.63693e-07
1.43286e-07
1.01504e-07
1.03541e-06
5.55038e-07
1.35588e-08
6.09222e-10
3.01432e-09
5.79537e-09
3.0586e-10
2.3557e-09
2.17094e-09
1.1864e-09
5.76569e-09
8.44681e-08
7.09998e-08
1.20147e-08
1.61968e-08
1.05284e-07
5.70166e-09
8.50279e-09
9.37124e-08
2.88975e-06
4.9492e-08
2.95117e-08
6.99379e-10
3.61375e-09
3.49945e-08
5.7767e-06
1.16717e-09
5.6067e-08
5.31316e-07
2.48908e-08
5.27272e-08
1.51876e-07
2.70208e-08
1.37336e-08
2.65552e-06
3.85921e-07
2.00783e-08
2.83984e-08
1.02877e-05
4.22714e-07
1.29617e-09
2.27981e-05
1.87126e-07
2.21453e-08
8.91177e-06
5.07332e-08
1.72301e-09
1.78401e-09
8.49705e-10
3.54073e-11
8.24193e-10
1.77171e-11
4.36484e-10
5.22581e-08
1.76047e-10
5.0119e-08
4.2163e-07
1.78256e-07
2.8498e-08
2.65885e-09
1.2559e-10
6.19894e-09
9.84326e-11
1.57096e-09
1.19555e-10
3.59535e-09
9.66055e-08
2.36277e-07
2.81939e-06
2.57139e-07
2.27419e-10
5.65703e-10
1.15843e-08
4.11646e-09
0.02
1.95348e-10
1.54781e-06
8.78382e-10
5.81641e-08
4.07572e-07
1.25287e-09
4.56824e-08
1.33055e-06
6.59136e-08
3.1864e-09
8.45841e-08
3.86431e-07
4.88068e-08
2.08385e-08
8.20484e-09
2.5354e-09
4.14943e-08
0.02
1.51796e-09
2.5321e-06
5.20374e-09
6.36424e-08
2.36291e-09
3.48226e-06
1.38757e-05
3.50282e-09
7.74223e-08
8.06629e-08
8.95189e-10
1.41085e-09
4.1425e-10
8.71116e-09
6.13253e-10
5.7935e-08
4.13986e-08
2.55547e-09
4.67708e-09
1.25706e-09
1.22849e-10
1.30603e-08
1.07611e-09
8.11564e-08
3.93239e-10
2.31153e-09
6.15337e-10
2.87363e-08
2.30438e-09
7.9678e-10
2.8799e-09
2.3758e-08
1.39041e-08
4.06273e-08
1.76918e-06
2.23772e-09
6.46453e-08
1.23125e-09
3.60522e-08
5.77302e-09
7.74538e-09
1.60796e-10
0.0199999
9.29307e-09
6.02288e-08
1.02359e-10
2.28382e-08
7.91416e-07
0.00680061
0.00157502
5.29473e-07
1.86269e-08
1.12694e-08
3.89219e-08
1.02521e-07
7.64676e-09
7.57766e-09
2.42535e-08
1.57925e-06
8.26789e-09
1.96918e-07
1.86789e-06
0.02
1.2665e-08
5.63323e-09
1.73991e-08
5.82818e-12
4.63976e-09
2.93226e-09
1.95272e-09
3.91557e-11
2.04959e-07
9.15986e-10
2.38117e-09
1.2145e-08
3.03313e-08
1.80271e-07
8.90542e-09
5.36994e-08
4.71956e-09
2.31186e-11
4.59293e-09
2.16529e-11
0.0200002
6.86618e-09
2.50797e-08
1.22577e-10
8.79912e-09
3.33799e-09
8.35071e-11
3.31407e-07
0.02
1.13084e-09
2.47468e-08
1.41096e-10
1.86497e-10
4.5167e-11
8.86235e-10
7.91773e-10
6.80702e-08
2.93276e-10
6.11584e-10
7.69821e-11
1.02618e-10
9.33652e-10
2.90082e-07
3.87266e-08
2.61382e-10
2.29013e-10
7.12058e-09
1.24341e-07
2.79553e-09
1.59455e-10
3.27189e-11
1.71248e-10
3.93947e-10
9.67e-10
2.87058e-10
0.02
8.67248e-08
6.73468e-09
9.13576e-12
1.16434e-12
1.31879e-09
0.02
0.02
1.23905e-09
2.09093e-09
0.02
6.02245e-10
2.48472e-09
2.22747e-09
6.02222e-11
6.05701e-11
1.18521e-09
3.44992e-07
8.79193e-08
8.37976e-11
1.25016e-11
6.2379e-11
2.49623e-09
6.40892e-10
8.27157e-11
6.17243e-10
4.19887e-10
1.75282e-10
6.80908e-08
7.53806e-12
2.76821e-11
2.62054e-11
5.79224e-11
0.02
6.75737e-12
3.68419e-12
9.63509e-10
2.38122e-09
6.03125e-10
4.73778e-10
5.8687e-12
3.71729e-11
1.05074e-10
6.36847e-11
2.82895e-12
1.07198e-10
4.40017e-11
5.98216e-12
3.92373e-11
4.46885e-11
9.31408e-10
7.13857e-11
1.34193e-13
3.8993e-06
7.15214e-11
0.02
4.06674e-12
0.02
1.96148e-10
2.39598e-11
9.98741e-13
1.4334e-11
4.40842e-10
1.58167e-12
1.65695e-10
5.55051e-11
3.26403e-10
7.29325e-12
4.98107e-09
2.57721e-10
2.99595e-11
5.046e-12
9.94403e-11
5.33152e-11
4.59043e-12
9.51559e-12
7.29313e-12
1.19006e-12
3.70138e-11
1.46908e-11
1.04068e-11
5.56884e-13
4.47834e-12
6.04806e-13
5.60637e-11
2.44168e-11
5.05667e-12
4.40705e-11
5.662e-13
1.38293e-11
2.10753e-10
6.44275e-07
1.07985e-06
5.29191e-08
1.35554e-07
2.68171e-08
3.3766e-10
1.38565e-08
1.93171e-09
1.70778e-07
2.30797e-09
6.94499e-09
8.55876e-08
1.2262e-09
1.72761e-10
3.31396e-09
5.77538e-07
0.0199997
1.22451e-08
3.06593e-09
3.05615e-09
6.4839e-10
3.55191e-11
1.3014e-07
7.72304e-11
5.96542e-09
1.64405e-09
4.55459e-09
4.87253e-09
9.96365e-11
4.80496e-10
3.53586e-09
4.76189e-10
1.13316e-11
6.74605e-09
1.47073e-09
4.79352e-10
2.12704e-08
3.00783e-10
5.87241e-09
2.13845e-08
1.56627e-10
1.92482e-07
2.80153e-09
5.60862e-11
2.45946e-09
0.0200004
7.82078e-11
3.52741e-08
3.93155e-10
1.47072e-11
1.98928e-10
1.19049e-11
6.26059e-09
1.48474e-10
8.31947e-11
4.97066e-08
3.26288e-11
8.28526e-10
4.88101e-10
3.69967e-09
1.51821e-09
2.65567e-11
3.09186e-11
4.11619e-10
0.02
4.87909e-11
1.06442e-08
5.52468e-09
1.71743e-08
4.52339e-10
8.84947e-11
3.14652e-09
6.5688e-10
9.09596e-11
1.6898e-10
1.46223e-10
7.5391e-10
9.18261e-08
2.81684e-11
2.89398e-09
1.28213e-11
9.89003e-09
1.55868e-09
1.27005e-10
1.5072e-12
6.30556e-11
4.50393e-12
9.7376e-11
1.44851e-09
4.79929e-11
3.65264e-10
0.02
1.44116e-11
5.84896e-10
4.94242e-07
0.02
2.07636e-10
7.22874e-11
4.00997e-13
0.02
2.05847e-09
1.68568e-10
1.51912e-08
3.94947e-11
3.97644e-09
2.80838e-12
1.43995e-10
2.60855e-10
3.65823e-10
7.2718e-10
1.20172e-08
1.90375e-09
0.02
8.827e-10
1.42029e-10
8.87204e-07
7.39989e-07
1.02041e-07
3.5807e-07
0.02
4.53744e-08
1.12315e-08
2.49087e-09
1.85574e-09
3.3086e-07
5.00873e-11
2.67994e-10
5.03694e-11
1.78168e-08
4.83122e-11
7.16845e-07
7.27006e-10
9.47263e-10
3.31531e-06
1.86806e-09
1.94283e-11
1.65892e-10
1.1541e-09
1.19094e-10
6.10579e-11
6.19779e-10
3.62009e-09
2.20113e-10
2.19118e-11
2.09554e-10
3.79011e-10
1.30207e-09
2.88951e-09
2.95107e-09
4.12974e-09
1.50558e-10
5.12565e-11
1.98382e-08
3.1138e-08
5.15351e-11
0.02
3.15312e-07
1.45242e-06
0.02
1.70254e-11
7.25598e-11
1.69717e-11
6.74628e-10
3.44272e-08
9.97756e-10
6.19519e-09
2.09487e-09
5.47337e-09
3.07617e-09
9.82305e-12
9.80377e-08
5.43949e-07
2.74272e-08
3.09117e-10
2.12402e-08
2.70464e-11
7.92142e-11
5.29368e-12
1.56369e-10
3.07886e-08
2.83596e-11
8.64924e-11
3.92117e-10
1.90293e-10
1.94232e-11
5.21114e-10
6.40203e-11
4.58518e-11
4.05186e-10
2.09564e-08
9.07327e-10
1.06648e-09
3.11038e-08
3.646e-11
1.79781e-12
1.49938e-11
3.57052e-12
2.23889e-09
1.52335e-11
0.02
6.80581e-11
2.88125e-10
5.94545e-10
1.53264e-11
2.8305e-09
2.77333e-12
1.60231e-11
3.90208e-11
1.34039e-10
2.0974e-11
1.67184e-08
1.75501e-09
4.38863e-11
7.90192e-11
9.31632e-10
4.2768e-11
4.85686e-12
1.84715e-08
2.09223e-10
1.27816e-11
1.07024e-08
8.50553e-08
1.18432e-09
4.78037e-10
3.9947e-11
0.02
1.09112e-11
1.3236e-10
3.27684e-10
5.69878e-09
1.36249e-10
1.72726e-10
6.7772e-12
3.45402e-08
2.63299e-11
1.96202e-07
9.93337e-11
9.11334e-12
8.81761e-12
1.52543e-11
1.19664e-10
6.31869e-09
1.13466e-08
4.3472e-10
4.87865e-13
4.42911e-10
4.21729e-12
2.23386e-10
5.20725e-11
1.17973e-08
8.29665e-12
1.62217e-10
1.27304e-12
1.13363e-11
5.23105e-10
1.68661e-11
3.93201e-12
3.34296e-12
6.07235e-13
3.63068e-10
1.02767e-12
2.10707e-11
1.21961e-12
2.08677e-12
2.21079e-12
1.76496e-08
1.05296e-10
3.22867e-11
1.07806e-08
7.1654e-11
1.55481e-13
6.25388e-12
1.5673e-11
8.30498e-14
9.84051e-09
8.61693e-11
9.8402e-12
9.30112e-10
2.95972e-11
3.37648e-12
2.80255e-11
2.36172e-10
9.04204e-12
1.52229e-12
2.66584e-12
1.64678e-11
0.02
3.84541e-09
2.59379e-12
1.91905e-11
5.61709e-13
1.44021e-11
1.05186e-10
4.77931e-13
3.37437e-10
4.96381e-10
4.78462e-12
0.02
0.02
2.79326e-12
8.01052e-10
3.10852e-12
1.97307e-10
1.95068e-13
4.46676e-14
7.14609e-13
2.05462e-13
5.64805e-10
1.54828e-13
1.43248e-11
4.82817e-13
1.36709e-11
2.01886e-10
1.06261e-13
7.12381e-14
4.91252e-13
8.83487e-14
6.57845e-11
9.96507e-13
5.68802e-11
5.42306e-14
1.46734e-15
3.99229e-11
5.80357e-13
2.11442e-12
2.30745e-11
7.89801e-11
1.90606e-10
7.95438e-13
2.73684e-10
0.02
8.49972e-15
4.13977e-13
1.86459e-11
0.02
5.02281e-11
1.24916e-13
1.44697e-10
1.75506e-09
5.38342e-08
7.72743e-10
2.56005e-09
1.3396e-09
1.67323e-09
2.03457e-11
9.39999e-10
3.51392e-11
1.71268e-10
6.52162e-06
2.2507e-11
2.57221e-07
1.02367e-08
6.17121e-05
3.02302e-11
3.63583e-08
2.73288e-11
1.43543e-10
4.76486e-11
1.58789e-10
1.03731e-10
8.25317e-11
4.65191e-08
1.49582e-10
1.90456e-11
3.14929e-10
9.12757e-12
7.0875e-08
1.62538e-12
3.06248e-11
3.08966e-11
2.82794e-10
2.82375e-09
6.44148e-09
3.52854e-11
1.96255e-11
3.4416e-11
3.25269e-08
3.02177e-10
1.27118e-11
9.42429e-12
2.18638e-11
8.01813e-09
1.67295e-12
1.53274e-11
8.22798e-10
2.32489e-11
1.13621e-10
2.05726e-12
3.69718e-10
1.65733e-09
4.40209e-11
3.68088e-10
6.45016e-09
4.58959e-09
2.53317e-12
1.33998e-11
4.77401e-08
2.35486e-09
1.62319e-08
1.19489e-12
1.52019e-10
5.26905e-09
1.22393e-10
2.70837e-08
1.29463e-11
1.09453e-10
3.03205e-09
3.7145e-11
1.68173e-11
2.16145e-09
4.18851e-08
3.41294e-08
9.76547e-10
4.41335e-10
2.19815e-12
3.94953e-10
2.6145e-11
2.73843e-08
6.13879e-09
5.44143e-10
6.05251e-10
3.23631e-12
5.43345e-14
2.26155e-10
0.02
5.18976e-10
9.35263e-11
3.44804e-11
1.10501e-11
1.35111e-09
1.43482e-07
1.78935e-10
5.56742e-10
8.18451e-11
1.94565e-11
1.97822e-10
4.46711e-11
1.47218e-08
2.83231e-13
5.20304e-10
9.76443e-11
7.68049e-11
1.56901e-11
3.69725e-10
2.27465e-09
1.43096e-10
3.92881e-11
1.33552e-11
2.29831e-10
3.42762e-12
3.71135e-12
1.66463e-09
1.38904e-13
2.30508e-11
4.25583e-13
6.40421e-12
4.3653e-15
1.85733e-08
3.61463e-05
1.3341e-11
2.39539e-10
1.11243e-12
3.96178e-11
2.15822e-12
2.23135e-08
5.35742e-12
3.6887e-11
4.91747e-11
1.74844e-09
5.27764e-11
8.35332e-12
2.27823e-08
1.98729e-09
2.45454e-08
3.30938e-11
1.39938e-10
3.05933e-13
1.28571e-09
5.62257e-13
4.68478e-11
3.38519e-09
1.02417e-10
6.83096e-12
9.37635e-13
5.65486e-10
8.17606e-12
7.13695e-11
3.2267e-12
4.65824e-12
1.10704e-11
4.80327e-11
1.84816e-12
3.91314e-11
6.13193e-14
2.11071e-11
7.48805e-13
1.16307e-10
7.56526e-12
