0.265191
0.221269
0.189439
0.189406
0.128365
0.199345
0.111028
0.125298
0.152588
0.147502
0.10116
0.154476
0.0725951
0.132998
0.0071736
0.0417244
0.0868516
0.140039
0.0270759
0.0601245
0.100338
0.00477558
0.0126509
0.00564252
0.0731851
0.00114934
0.0255206
0.0250761
0.00428113
0.00275774
0.0337228
0.014927
0.0456408
0.0372248
0.0052093
0.00304817
0.0401607
0.0222467
0.00011668
0.0375992
0.00307892
0.0205
0.000459448
0.00213398
0.0384404
0.00196094
0.0398954
0.000795131
0.000839025
0.000188943
0.000211121
0.000184705
0.00050759
0.000457315
0.000161865
7.3748e-06
2.58819e-05
0.000115051
0.000155282
0.0390399
0.000675305
0.00211608
0.0354631
0.000264389
0.000166669
9.06321e-06
0.0402083
3.82948e-05
8.34861e-05
0.00040347
9.55343e-07
1.59686e-06
0.0400148
1.99266e-06
3.84989e-06
3.91595e-05
3.64043e-06
0.000157678
0.0402104
1.36263e-05
5.68067e-07
6.08305e-06
9.88616e-05
0.000153145
9.77816e-06
2.89107e-05
0.000197914
3.30723e-05
3.40007e-05
1.42342e-05
0.000233326
7.4908e-06
8.55441e-06
1.78529e-05
8.41248e-06
1.90912e-07
3.25044e-05
6.75401e-06
7.90457e-05
0.000416788
4.33598e-05
5.82927e-06
1.98793e-05
1.35153e-07
2.29487e-06
3.54411e-07
1.52567e-05
7.29428e-06
1.05774e-05
5.90032e-05
1.90122e-07
0.0399756
0.000250793
0.040004
6.84447e-06
3.32296e-06
7.01827e-07
8.04446e-05
2.32055e-07
1.08982e-06
3.22409e-07
1.58065e-05
8.96681e-06
6.59774e-09
7.60144e-07
3.89816e-07
2.42329e-05
4.40535e-06
5.76823e-06
3.0223e-08
2.72239e-07
3.82554e-07
5.32836e-06
8.86318e-07
2.89186e-06
7.30656e-07
4.80341e-06
1.67979e-06
2.45278e-05
9.05474e-05
1.9526e-06
2.57634e-06
4.92503e-05
2.365e-08
1.43297e-06
6.13622e-07
0.0400012
9.89407e-05
2.84105e-08
7.50078e-09
1.72726e-07
2.07291e-07
3.79287e-05
1.31303e-06
3.54438e-06
1.99098e-08
1.51462e-07
0.040004
9.23719e-06
3.83032e-06
8.49764e-07
5.53168e-08
6.48645e-09
2.79438e-08
2.10351e-05
4.00093e-05
6.82981e-08
4.36752e-07
4.59127e-07
2.26215e-06
1.69982e-05
1.35939e-07
5.46613e-05
2.68773e-05
4.2032e-06
3.37137e-05
2.22213e-06
1.45823e-09
7.96969e-06
7.57911e-09
1.59412e-09
6.10783e-06
2.39759e-06
9.80538e-08
7.81502e-06
0.000111814
3.87212e-07
2.86337e-08
4.36946e-08
5.89625e-06
3.19124e-07
3.37794e-06
1.14117e-09
2.90997e-08
3.65708e-08
6.17744e-08
7.87383e-07
0.0400086
4.2548e-06
3.11834e-08
0.00424823
3.46806e-07
8.81691e-09
9.60889e-07
4.8127e-08
3.04003e-07
1.06583e-08
0.000283396
1.4828e-08
1.731e-07
6.71792e-10
3.92726e-06
1.62547e-08
0.0400064
2.13631e-06
1.24373e-06
9.92001e-10
4.86794e-09
1.97833e-08
2.35762e-08
4.39024e-07
4.59765e-09
5.72953e-07
3.08268e-08
1.6668e-06
3.88333e-10
9.15239e-09
7.03897e-08
3.09033e-06
1.67489e-09
7.71983e-07
2.17368e-06
5.62657e-09
7.81588e-07
3.84891e-05
4.48094e-06
1.73259e-07
2.10561e-08
1.19696e-09
3.02367e-08
5.95306e-07
8.4193e-09
2.7267e-07
1.72689e-07
2.13806e-06
4.76742e-07
1.16161e-09
4.09332e-11
0.0400525
7.67003e-11
1.06704e-07
2.27736e-07
3.68869e-08
5.01403e-07
9.07492e-09
1.37258e-08
1.66916e-08
4.17851e-08
2.53586e-07
9.00139e-10
1.7445e-08
3.01967e-08
1.33168e-06
1.69461e-07
1.68787e-06
1.29609e-08
3.30154e-09
6.1944e-07
2.2358e-09
1.86107e-07
7.75062e-10
3.52606e-09
7.07409e-08
5.90535e-07
4.74744e-08
5.60418e-12
4.68966e-07
5.63913e-10
1.83197e-09
2.92526e-10
1.30893e-10
1.52128e-07
2.43427e-09
1.05145e-08
1.11871e-08
1.01111e-06
7.02747e-10
6.74549e-09
7.5293e-09
1.25998e-08
3.73483e-09
1.47935e-07
1.52728e-11
1.75696e-06
2.04253e-11
8.81031e-11
1.1876e-08
5.45078e-08
4.07375e-07
1.07926e-06
3.31843e-13
3.16732e-10
2.94004e-11
7.93984e-09
1.12974e-06
2.83923e-12
3.89944e-08
6.04084e-07
5.32009e-09
1.75781e-07
8.03847e-09
6.90478e-09
3.97949e-10
2.30315e-10
4.2985e-08
1.00495e-09
0.0399996
1.14585e-11
6.02988e-08
3.00842e-10
4.72719e-10
5.51136e-10
7.37478e-10
6.09445e-11
3.05184e-11
2.79237e-10
6.65945e-08
2.26808e-08
3.42194e-13
1.73641e-09
1.97854e-11
2.3532e-08
7.67906e-11
3.43478e-11
2.68912e-11
2.11267e-09
2.16541e-09
6.23314e-08
5.54801e-09
1.32962e-10
1.47306e-09
1.47117e-10
9.06739e-11
8.19645e-11
6.33968e-12
4.4544e-07
9.72477e-07
1.2094e-08
5.75578e-10
2.16911e-10
4.34421e-11
1.20686e-09
7.5743e-10
1.8167e-08
1.31994e-12
3.57672e-09
1.94012e-10
6.16373e-11
2.33348e-11
4.61727e-10
1.38992e-10
1.60478e-10
9.88473e-09
7.21342e-12
2.01757e-09
3.42781e-09
2.49534e-09
4.18217e-11
2.94881e-12
6.04184e-12
8.9687e-12
2.13066e-09
1.05836e-13
0.04
2.49386e-07
6.67042e-06
3.69037e-08
2.33547e-09
1.93879e-08
7.87073e-09
1.23706e-06
1.42171e-09
2.65867e-09
1.71437e-09
1.1606e-09
1.8565e-08
2.21264e-08
3.24485e-10
1.29954e-07
2.17003e-09
2.23334e-08
4.90501e-07
5.50465e-10
4.27448e-10
4.05825e-09
1.16243e-06
3.53423e-06
4.70546e-09
2.21929e-10
4.70476e-07
1.3761e-10
1.86666e-06
4.45489e-09
7.16769e-08
9.63984e-09
5.79304e-07
1.19919e-10
9.04779e-07
4.02562e-12
5.40621e-10
5.49298e-11
0.0400036
1.85591e-06
3.96499e-12
9.18766e-11
2.83039e-08
2.64181e-07
4.21839e-06
1.52576e-08
8.08322e-06
5.54471e-09
4.91361e-08
2.50705e-08
6.67153e-09
0.00423491
9.23196e-10
3.96379e-08
1.60362e-05
3.39802e-10
5.32558e-10
1.1225e-10
7.98071e-08
1.37618e-09
2.26205e-08
4.1519e-12
6.89452e-08
4.38101e-06
1.23352e-11
2.39619e-08
6.8295e-07
1.52297e-07
1.6613e-10
3.07003e-11
0.04
5.22639e-11
2.2106e-09
3.65432e-10
1.99577e-12
8.03666e-09
3.00689e-11
8.39475e-11
6.959e-09
6.05842e-12
2.43944e-07
8.17963e-11
7.44603e-10
7.97824e-11
2.13963e-10
3.68954e-11
8.33623e-11
6.69969e-12
3.17132e-10
4.52585e-08
6.70019e-10
1.80247e-08
5.18038e-08
1.00542e-10
9.83024e-12
4.30565e-10
6.43812e-10
4.19857e-08
2.06295e-10
2.39957e-08
8.80219e-09
9.20577e-08
5.58278e-08
1.29244e-11
2.19781e-14
4.79641e-10
7.04267e-10
2.18309e-05
9.60831e-10
3.49206e-12
5.22631e-10
2.80104e-07
4.47583e-08
1.34216e-10
4.4802e-12
3.40928e-10
6.50215e-09
8.98361e-12
3.1078e-08
8.8374e-13
4.05224e-10
3.09538e-09
4.04847e-12
3.35343e-09
2.49457e-09
9.06957e-10
1.95527e-10
6.77489e-09
2.8575e-12
4.19787e-10
6.91245e-10
8.21693e-09
6.09675e-10
1.60937e-09
3.34693e-10
4.38754e-10
4.30597e-08
1.69275e-10
7.50114e-11
9.9206e-12
1.90432e-08
7.64139e-10
2.13206e-09
6.51349e-08
8.88462e-08
4.89048e-11
2.59274e-11
1.78081e-10
7.72923e-11
2.39954e-08
1.06563e-09
4.81464e-07
0.000652453
7.42035e-10
2.7017e-07
6.56027e-11
1.47081e-08
7.15432e-07
1.21015e-10
7.7385e-12
1.22849e-11
1.09524e-08
2.26693e-11
1.73706e-11
5.95294e-10
7.1755e-09
4.74885e-07
3.85217e-10
1.06157e-06
3.10193e-07
1.61026e-07
2.86479e-10
9.75047e-12
8.9214e-12
1.06836e-09
2.86681e-09
9.30535e-11
1.67491e-08
2.97758e-12
1.34613e-11
6.59258e-11
1.05409e-13
4.80221e-10
2.44415e-11
2.65845e-10
2.23163e-10
1.78821e-08
1.12287e-11
2.02134e-10
6.70215e-10
1.68177e-07
1.59098e-11
8.00933e-11
3.0806e-10
3.27772e-10
1.26449e-11
8.3046e-10
0.04
1.75836e-08
5.77147e-10
3.00357e-12
2.55778e-13
0.04
2.00537e-11
4.75813e-12
2.50843e-09
4.92596e-10
2.65943e-11
6.14309e-13
1.12082e-11
1.22211e-10
1.47283e-10
2.22939e-11
5.3566e-11
3.25227e-11
3.92115e-12
9.49053e-09
2.86843e-13
7.26692e-10
1.59445e-11
7.59823e-13
8.88746e-10
1.3252e-10
1.98051e-10
3.96304e-09
3.84046e-11
2.39761e-11
8.96899e-11
1.63919e-13
6.63078e-15
5.19669e-11
1.65079e-09
8.57602e-11
2.13467e-07
6.17534e-11
2.296e-10
3.11686e-11
1.79188e-10
7.55357e-14
4.7782e-13
2.48408e-12
1.15596e-12
1.58887e-10
7.82709e-09
3.20133e-12
1.04252e-10
4.14322e-11
1.52119e-11
5.73714e-10
5.8861e-10
6.83507e-14
6.70741e-14
4.69206e-13
1.01085e-11
2.43981e-13
3.14509e-12
1.3236e-09
3.0748e-09
7.42389e-12
5.64687e-11
2.33446e-11
3.36612e-09
7.14072e-09
4.7307e-13
2.25268e-12
5.66888e-09
1.81207e-10
4.12749e-12
3.49921e-14
1.25151e-14
1.31334e-10
1.76302e-10
0.04
2.09451e-13
1.69702e-12
2.39746e-08
6.10195e-13
3.92115e-12
1.71756e-13
3.24106e-14
4.46063e-12
1.40558e-13
1.18926e-09
1.16717e-09
2.59322e-09
9.3784e-10
0.04
7.84773e-06
4.18721e-11
5.79248e-14
8.01891e-12
8.87765e-12
3.19506e-10
1.38648e-11
1.61379e-12
1.64599e-11
1.07951e-12
1.03155e-13
8.32213e-13
2.39456e-11
9.5054e-10
5.77724e-10
9.54581e-09
8.175e-09
7.26938e-09
1.5037e-06
1.21561e-11
5.98844e-11
1.81421e-12
3.00728e-10
8.52217e-11
5.52692e-11
1.73289e-08
9.14161e-10
7.37793e-08
8.41926e-06
1.27379e-10
3.53091e-10
2.32723e-07
5.20116e-11
0.04
3.29791e-12
5.62962e-10
4.2258e-11
6.57296e-13
3.98124e-10
1.01576e-14
4.57168e-09
5.25107e-09
7.0015e-09
3.53312e-11
2.84204e-11
9.79836e-10
3.40989e-11
3.12349e-11
4.54988e-12
6.15406e-12
9.83746e-11
4.37121e-08
0.0400009
1.62288e-09
2.03187e-07
8.6582e-09
1.17397e-10
3.01603e-11
7.95073e-11
8.84536e-12
1.46945e-08
2.20225e-10
7.8992e-12
2.77507e-10
6.26287e-10
2.82766e-13
5.01398e-08
5.45144e-14
1.12937e-12
8.225e-10
2.99868e-10
3.38367e-12
1.64185e-08
2.99467e-12
8.32739e-09
2.49864e-12
3.36943e-11
1.82083e-08
6.64224e-10
4.10352e-10
7.96913e-11
8.99863e-13
4.44476e-09
3.24317e-09
4.58384e-12
5.38482e-09
1.03597e-13
0.04
3.09449e-10
7.18709e-10
9.64252e-09
6.40544e-14
4.91694e-10
1.35554e-08
4.36623e-09
2.15498e-08
7.00082e-12
2.54184e-08
6.50568e-11
9.35334e-12
2.12784e-11
1.78667e-08
1.61638e-12
1.05038e-09
1.08618e-09
2.836e-10
2.47793e-12
5.27613e-10
9.91377e-14
3.33366e-11
3.12914e-07
2.63437e-09
2.75535e-13
6.85067e-10
1.78649e-09
5.7044e-09
4.77556e-10
3.18075e-11
6.70304e-08
7.16474e-10
4.14077e-12
6.21428e-11
3.47503e-10
8.04246e-13
3.65925e-08
1.45879e-11
2.15638e-12
1.60471e-10
1.92727e-13
5.94951e-12
1.12741e-12
3.82791e-10
1.93225e-08
7.42149e-13
2.60656e-12
3.76022e-12
1.43245e-11
2.67807e-10
8.05885e-13
6.49679e-10
2.72443e-09
6.81379e-11
7.56198e-10
1.44747e-11
1.73643e-11
5.63666e-10
2.0443e-11
2.32468e-12
2.48957e-09
1.03432e-10
2.33896e-13
1.94029e-10
3.58982e-09
1.69716e-10
1.58482e-14
6.1094e-10
1.76337e-11
3.53517e-09
1.63548e-10
1.06037e-12
5.05589e-12
0.04
2.02111e-12
8.90742e-09
3.86162e-12
7.81013e-08
8.29024e-10
6.60011e-10
8.02488e-14
2.29417e-10
3.75899e-14
3.81454e-10
5.20183e-10
3.41721e-12
1.46253e-10
1.5881e-13
0.04
1.86762e-08
5.55916e-13
2.97087e-11
1.61967e-12
4.20835e-12
2.50656e-13
2.1547e-09
3.46911e-11
5.41554e-13
1.13405e-10
1.77283e-14
2.04451e-15
1.04497e-15
8.53441e-15
1.55583e-12
4.50902e-14
1.22124e-08
8.05532e-10
1.88534e-12
1.75425e-10
1.4755e-10
1.14855e-13
4.58354e-13
1.05838e-10
7.33959e-11
2.16743e-09
2.16704e-08
5.90426e-12
6.05981e-14
3.14934e-10
1.54275e-13
1.75747e-06
5.57931e-10
1.43769e-11
8.64338e-11
7.28953e-08
3.06091e-13
6.74012e-12
1.5074e-09
2.30035e-11
3.93341e-09
4.9859e-10
5.92472e-12
0.04
9.8697e-12
1.41364e-09
4.3591e-13
1.27932e-13
2.97156e-11
8.0934e-11
1.55545e-08
2.66027e-06
4.07267e-11
1.94881e-12
4.93212e-11
7.85422e-08
5.89515e-11
1.88901e-11
2.35073e-12
4.40368e-11
3.77002e-13
8.53694e-06
2.45449e-11
4.93353e-10
5.56393e-10
7.52219e-09
2.49909e-11
4.52114e-14
6.45765e-15
2.28567e-07
5.40576e-14
4.10257e-15
2.15398e-11
1.19103e-13
1.741e-12
2.86673e-15
1.48517e-12
6.15242e-14
1.67809e-11
2.87637e-10
1.54014e-08
1.19784e-10
3.35025e-13
2.20098e-13
5.65868e-13
2.15522e-12
1.77271e-12
7.95513e-14
7.90917e-13
1.25981e-13
4.48838e-15
4.35495e-16
8.34578e-12
5.22744e-12
4.311e-11
1.08786e-10
4.076e-11
1.55773e-11
1.25646e-15
4.8288e-10
0.04
2.19675e-12
6.17555e-13
4.51032e-14
3.08551e-12
3.67026e-12
5.47073e-13
8.08396e-13
3.22899e-13
4.86663e-12
4.6725e-13
1.64206e-10
2.07331e-14
1.60091e-12
1.68894e-13
4.91988e-12
1.52291e-11
2.58026e-12
1.38297e-13
5.22459e-13
2.1298e-11
7.90533e-13
2.24031e-12
6.56464e-11
1.00139e-11
1.88794e-13
1.06915e-11
1.27956e-15
1.70596e-11
4.30161e-13
1.13144e-14
1.36205e-08
7.30227e-13
2.1278e-12
2.86725e-10
5.49617e-10
5.7284e-13
2.89413e-12
3.80773e-12
3.82724e-12
4.6598e-12
8.5822e-16
5.36737e-16
0.04
2.75323e-10
1.07724e-13
1.517e-13
2.2889e-14
3.32379e-11
3.27561e-14
2.9524e-13
2.37276e-14
4.87007e-15
0.04
6.94215e-15
2.09412e-12
1.18397e-12
3.1003e-13
7.38608e-15
6.49762e-14
8.36512e-08
2.83139e-13
1.73107e-14
