0.269284
0.158579
0.157946
0.120151
0.0940079
0.0621076
0.0702119
0.0470729
0.0386164
0.0333238
0.0298921
0.0221507
0.0286048
0.0383288
0.00577856
0.0213816
0.000856717
0.000603817
0.0205488
0.000443332
0.000957458
0.0100673
0.0279633
0.0211072
0.0107339
9.61151e-05
6.03614e-05
0.0165716
0.000388473
0.000237136
0.000271492
0.0199392
0.0300861
0.00038962
0.000174545
3.17241e-05
1.10188e-05
3.34591e-06
0.00974151
7.26689e-05
2.78527e-05
1.15965e-05
0.000106077
0.0100038
0.0102872
8.13168e-06
4.35736e-05
4.23683e-06
4.79174e-05
0.00994774
6.67516e-06
5.36447e-06
0.0100169
1.4475e-07
5.14726e-06
1.74657e-05
0.0200302
1.38667e-06
0.0100003
3.6659e-05
0.000169261
0.000195295
7.48539e-07
7.19098e-06
0.020003
0.0200017
0.0100014
0.0100022
1.32056e-05
2.76836e-05
3.48918e-05
9.44003e-06
4.15515e-06
4.56763e-07
0.0100322
0.0199985
0.010354
4.92355e-07
8.75145e-07
1.61057e-05
1.34522e-07
6.60055e-08
0.0100039
4.43256e-06
3.25665e-05
2.44015e-07
2.81929e-07
0.0100016
2.6928e-08
9.18008e-07
8.32364e-06
4.8719e-07
0.00749136
9.62939e-07
1.38736e-06
0.000525405
8.89571e-05
1.2274e-05
3.37451e-06
2.26624e-06
0.0100424
5.93813e-06
2.66944e-06
1.16731e-05
5.83823e-07
9.98186e-07
8.86626e-06
8.72654e-06
4.5308e-07
3.36067e-08
0.010001
0.00022543
1.05929e-06
6.84154e-07
3.70359e-06
1.59514e-05
2.38071e-06
1.3965e-06
0.0100018
1.61642e-06
5.05298e-06
1.68437e-07
1.22759e-09
1.08752e-07
6.05395e-06
1.37023e-07
1.0404e-07
9.19612e-08
0.0100011
1.06859e-05
2.89418e-06
5.1593e-09
7.04657e-06
1.55217e-07
9.95117e-08
5.06154e-07
1.86292e-07
5.23147e-07
1.43492e-08
2.55868e-09
1.05121e-06
4.05811e-07
1.29835e-09
7.83468e-10
1.82125e-08
2.40599e-09
6.67544e-09
0.0100006
2.86194e-07
2.95877e-06
0.000114109
3.95335e-06
4.09244e-07
4.26531e-07
5.46861e-08
5.27679e-07
1.84789e-06
6.69901e-07
0.010001
1.48517e-08
3.60816e-07
0.0100006
1.23776e-07
1.18391e-06
7.39077e-07
2.76731e-07
9.85546e-08
8.82313e-09
5.94934e-09
5.82703e-08
4.89964e-07
4.66739e-09
1.64714e-07
8.46525e-08
4.10728e-08
4.00618e-09
4.84264e-07
1.409e-08
9.55193e-08
5.19057e-09
0.01
2.04294e-06
0.01
2.63335e-08
0.0100001
1.27266e-08
4.34429e-08
0.0100004
0.01
3.77606e-08
4.67776e-09
1.6638e-08
8.36369e-10
3.44969e-08
0.01
7.23387e-09
0.0200009
1.9727e-09
1.49161e-06
2.14161e-07
8.55711e-07
2.68775e-08
0.0200002
3.85428e-08
1.56862e-09
6.23122e-06
4.66451e-08
7.9451e-07
1.98167e-08
1.95946e-07
2.6222e-06
7.42459e-08
9.39253e-09
5.66683e-08
6.18641e-08
1.95349e-09
5.55502e-07
4.50994e-06
1.02009e-07
5.92201e-08
8.798e-07
3.93805e-09
0.01
4.52362e-07
1.72148e-07
3.12132e-09
2.2574e-08
2.22744e-07
2.48648e-09
4.42331e-09
2.66509e-08
0.0100008
7.5656e-08
1.12486e-08
1.01014e-07
3.57733e-09
3.80392e-08
6.09585e-10
8.29768e-09
0.00999996
5.10862e-08
5.02136e-10
0.00999987
3.87099e-08
1.15177e-08
1.58195e-09
2.1568e-09
1.83625e-08
1.02755e-09
3.89255e-09
2.3337e-10
2.7528e-09
5.21886e-10
0.00999997
2.23318e-09
8.20189e-09
2.32156e-10
6.04208e-10
6.87542e-08
1.02902e-10
7.77515e-10
7.77675e-09
0.01
2.73941e-07
1.96865e-09
7.21012e-09
2.14565e-08
2.36933e-09
1.24973e-10
1.87674e-09
0.01
1.29038e-10
1.60585e-10
5.06701e-09
1.88971e-09
4.63322e-10
2.06814e-09
3.25903e-09
7.54569e-10
0.01
2.44643e-09
5.42871e-08
4.44818e-09
3.17481e-09
5.16543e-09
5.32953e-11
1.1662e-09
2.81838e-11
1.42806e-11
1.52313e-10
4.43287e-11
1.17745e-09
3.82212e-09
2.61206e-11
4.71524e-08
2.17312e-09
1.53779e-10
1.62768e-08
3.24547e-10
2.91675e-10
6.42779e-09
9.07015e-09
3.45722e-11
1.56733e-09
3.3756e-11
2.35499e-10
0.01
0.01
3.63088e-11
4.66774e-10
6.7756e-12
1.10164e-10
9.92879e-10
5.34498e-11
2.59064e-10
1.27356e-10
2.92133e-07
2.34076e-11
9.16001e-11
5.07728e-11
3.81885e-11
4.45867e-09
1.88239e-11
1.49e-08
3.46462e-11
6.05511e-09
2.43951e-11
7.434e-10
3.18702e-11
1.68579e-10
6.68234e-10
0.00999999
2.25138e-09
8.52894e-11
7.51817e-10
1.89021e-12
5.13413e-10
1.45733e-11
1.55376e-11
3.67797e-09
2.11556e-09
3.85099e-11
6.89389e-12
5.40015e-12
1.59841e-11
0.01
1.15573e-09
7.04491e-11
9.75412e-11
5.8696e-10
1.69678e-11
1.20524e-07
3.14952e-07
5.8241e-08
2.29016e-08
7.23657e-10
1.92616e-07
0.0100004
8.68368e-10
9.09193e-08
7.2047e-08
6.40068e-07
1.38625e-10
3.41648e-08
8.64549e-08
7.23912e-09
0.01
3.26143e-10
3.32489e-08
3.06779e-09
2.89643e-09
0.0100001
4.02936e-10
5.57139e-09
9.09499e-09
1.20323e-07
3.08265e-08
8.63723e-10
5.34691e-09
2.83839e-09
4.87e-10
6.46681e-09
2.25058e-09
1.26813e-08
1.28056e-09
0.02
1.99265e-08
1.66329e-08
1.69059e-07
7.10354e-09
2.52033e-09
6.13857e-09
5.42386e-07
3.82119e-08
3.8699e-08
1.64448e-09
1.08575e-09
5.37208e-09
1.38468e-10
4.52207e-10
2.22555e-09
0.01
1.26691e-10
3.67929e-09
2.67546e-09
4.19766e-08
2.73009e-06
0.0100158
1.58924e-06
1.70072e-08
2.16585e-07
2.0069e-07
4.6522e-08
1.60567e-08
4.97092e-10
1.51083e-09
1.93639e-10
2.39488e-07
8.39697e-08
0.01
1.02861e-07
1.48679e-09
6.97689e-08
2.86912e-07
1.16065e-09
4.61891e-10
1.32009e-09
9.88263e-09
7.41116e-10
1.3626e-07
4.80371e-10
4.74379e-09
6.12676e-10
1.10073e-09
1.95041e-10
4.1915e-09
1.16651e-10
7.53162e-10
7.69805e-10
4.23769e-11
1.84301e-09
1.75832e-09
1.03885e-08
1.38122e-10
1.38766e-08
5.64467e-10
7.8102e-10
2.14799e-08
8.78933e-08
8.911e-10
1.94708e-10
5.22463e-09
4.87899e-11
9.25193e-10
5.45084e-10
4.53004e-06
2.56404e-10
3.75873e-08
1.04787e-11
1.04351e-10
1.83758e-10
3.03925e-10
1.31893e-07
2.62536e-10
1.53881e-08
7.35642e-10
1.75817e-09
5.43184e-07
3.40792e-05
8.01305e-08
2.72934e-08
6.0676e-09
5.88401e-07
1.39431e-05
1.65681e-09
2.79279e-09
3.83284e-08
1.48645e-09
6.13297e-07
2.09385e-07
8.3923e-08
5.13908e-09
1.2063e-08
1.49787e-08
1.3387e-09
1.33593e-09
3.62826e-09
1.33005e-09
6.43941e-10
5.05198e-09
0.01
6.14063e-10
5.52663e-09
6.70419e-10
7.31986e-10
0.01
2.90285e-09
3.98365e-08
1.47765e-09
1.56964e-09
7.45343e-11
3.19183e-11
5.32392e-10
2.54635e-10
6.92335e-09
6.37702e-10
1.543e-08
0.01
4.7316e-08
5.99846e-10
1.7917e-09
6.06913e-09
9.71414e-09
5.7753e-09
1.22647e-07
5.21499e-09
1.65856e-07
5.9886e-09
3.55839e-10
1.69586e-08
1.90008e-09
1.78703e-08
0.01
0.00999986
2.05891e-10
9.52574e-10
2.79766e-09
4.37369e-09
2.50465e-10
2.05288e-10
7.03994e-09
5.4674e-08
4.00438e-08
1.31857e-10
3.62874e-11
6.91737e-10
1.29935e-09
2.49775e-10
4.49423e-10
0.000111698
2.8773e-07
0.0100007
4.98751e-08
4.04399e-08
1.31686e-09
4.02262e-09
1.5449e-07
4.38597e-08
2.28074e-08
1.46565e-08
5.36438e-09
1.55763e-08
1.63779e-06
1.91301e-08
1.40853e-08
4.04919e-10
3.78829e-08
8.38199e-09
2.77474e-09
0.0100002
1.28119e-08
9.40717e-09
5.89793e-09
8.9449e-10
4.57669e-09
1.27941e-08
2.15817e-08
8.20552e-10
1.3104e-09
1.79296e-08
5.5367e-09
2.74944e-08
1.00982e-10
2.21723e-08
4.49578e-08
2.46423e-09
9.97842e-09
2.46286e-10
8.97616e-09
3.51054e-10
1.02515e-10
6.92161e-10
1.07297e-07
1.50069e-10
1.70438e-10
1.12847e-09
2.26673e-08
1.73852e-09
1.49959e-08
4.86823e-09
0.01
1.2138e-10
0.0100001
1.2276e-09
5.2056e-09
9.85862e-08
9.24694e-10
1.90216e-08
8.43213e-08
4.62229e-10
1.41829e-10
2.52761e-10
1.31306e-10
1.31391e-08
6.05381e-10
6.03649e-11
6.74196e-10
8.56567e-12
3.71039e-09
1.99466e-11
1.31986e-10
1.05592e-09
6.92892e-09
9.40485e-11
1.75111e-09
2.98935e-08
6.75274e-13
9.67472e-11
4.33906e-09
8.86661e-10
3.71073e-11
4.86445e-11
1.95112e-08
6.05186e-11
2.59522e-12
2.69208e-10
5.37575e-09
1.95854e-11
2.77423e-11
5.43129e-09
1.10805e-10
2.69527e-10
2.46872e-09
4.49944e-10
2.55317e-11
2.57573e-08
8.06531e-11
2.1147e-10
1.15499e-10
1.69011e-10
1.57826e-10
5.17744e-12
4.41911e-10
2.4563e-11
0.01
8.55626e-12
2.06645e-12
8.06037e-12
4.11642e-11
6.54928e-10
3.36968e-12
5.45938e-11
2.87281e-11
0.01
1.10073e-10
1.46777e-10
3.55354e-10
4.576e-13
1.41117e-09
1.04773e-09
8.74785e-11
1.13193e-09
8.09864e-13
2.9546e-12
2.26442e-11
1.21389e-10
2.50906e-10
3.2845e-12
1.53542e-12
8.59733e-11
2.87536e-09
3.57749e-11
3.67038e-11
1.0709e-12
2.52255e-11
7.43703e-12
1.16643e-10
1.57221e-12
8.5311e-13
2.01432e-11
3.51956e-13
3.00215e-13
2.33896e-12
9.25633e-13
4.37019e-12
4.80645e-11
1.36905e-13
2.51698e-11
6.4584e-13
1.85869e-13
3.99701e-11
1.11309e-05
1.82675e-06
1.88905e-08
2.17645e-08
8.75054e-08
2.40597e-08
1.83449e-11
1.1957e-07
2.11792e-11
0.01
3.37985e-08
2.0997e-10
1.75443e-10
3.48079e-08
1.40452e-09
6.51979e-09
1.68284e-08
2.60386e-07
7.70054e-09
1.49165e-08
1.4723e-07
2.06094e-10
2.29284e-09
2.37878e-08
4.62171e-09
8.59636e-09
1.58167e-11
6.48328e-09
2.90365e-08
6.75664e-09
1.02704e-09
2.10091e-10
1.86268e-10
1.58713e-10
1.24654e-09
0.01
8.58416e-10
9.12928e-10
6.90127e-09
8.74199e-11
9.15264e-09
2.63011e-11
1.93631e-11
1.0111e-08
2.44061e-10
3.33941e-10
5.16172e-13
2.18226e-09
9.11909e-11
4.7302e-10
4.03297e-09
6.33757e-10
2.19632e-11
1.14955e-09
1.33924e-12
1.35016e-09
0.01
9.82624e-11
7.11858e-10
0.01
1.47438e-10
8.44279e-13
8.86423e-10
1.12923e-09
5.9889e-10
9.12005e-10
1.34363e-10
2.34885e-10
4.77499e-11
1.27738e-10
2.04711e-11
1.14789e-08
7.68229e-11
2.96379e-12
2.64327e-08
7.78534e-12
3.75269e-10
1.93062e-10
6.40072e-11
8.46219e-10
0.01
1.38286e-10
1.6889e-08
1.09218e-10
0.01
1.28144e-11
2.01917e-12
3.70079e-12
1.18105e-11
9.09365e-11
1.73239e-10
2.41346e-12
1.60199e-11
6.59288e-12
2.12259e-12
5.10468e-12
6.25867e-11
4.97e-11
5.68428e-12
2.61469e-11
2.08372e-11
1.43884e-11
1.94495e-10
5.73122e-12
2.91009e-12
9.81816e-11
7.41306e-12
6.97088e-12
4.49504e-11
8.25757e-11
2.6789e-11
5.0763e-10
4.12199e-12
3.70305e-12
2.03021e-10
1.35179e-12
5.788e-11
3.16683e-11
6.44226e-10
2.20042e-12
3.33044e-11
1.98261e-10
0.01
1.02808e-12
7.13029e-13
1.72134e-10
9.26982e-10
7.66263e-10
1.30643e-13
5.11286e-13
5.81985e-12
5.39842e-13
8.08396e-14
9.16417e-12
3.9828e-10
1.83048e-12
2.85081e-11
1.83087e-11
2.49678e-13
1.12876e-12
2.11791e-11
4.90141e-13
5.00636e-13
6.07323e-15
2.18214e-10
3.0289e-12
5.98913e-13
2.15741e-14
1.49928e-13
9.59375e-14
1.55711e-15
1.3321e-14
5.42059e-13
1.14217e-10
4.33147e-14
5.47627e-13
1.58938e-09
0.01
2.70341e-14
5.98059e-14
1.02687e-13
0.01
3.20478e-11
4.52511e-14
1.20987e-10
1.53906e-11
1.36575e-12
5.84078e-14
2.86734e-13
7.88498e-14
2.61454e-13
8.00417e-12
2.44583e-12
0.01
1.57859e-12
2.30531e-13
1.20051e-13
2.28159e-11
9.70835e-11
8.56395e-14
1.09627e-10
7.10141e-10
5.74424e-12
5.14037e-13
4.36389e-11
2.85004e-13
1.6335e-12
3.87179e-12
6.35002e-11
2.50643e-11
1.77414e-10
1.83331e-13
5.00233e-12
2.29465e-11
3.88748e-06
2.36512e-09
2.86254e-06
0.01
5.18884e-08
5.93787e-08
3.15491e-11
0.01
1.0727e-10
3.91188e-13
3.0034e-07
3.74979e-10
2.80994e-10
7.30155e-09
1.12146e-10
4.06883e-09
3.66965e-09
1.80175e-08
1.20093e-09
3.7339e-08
3.09694e-11
1.06858e-10
3.59348e-11
6.48655e-12
1.02711e-06
1.85705e-10
0.01
1.48556e-10
7.98763e-11
1.37181e-06
7.0998e-10
1.4942e-11
1.19125e-07
2.92633e-12
4.25523e-10
0.01
1.64001e-10
1.55119e-10
5.43979e-11
1.97007e-11
2.16933e-11
2.93617e-09
1.68956e-11
1.27791e-09
6.79073e-14
7.64397e-12
7.7641e-11
4.23743e-10
3.25028e-11
1.32117e-13
4.06885e-11
3.33026e-11
0.00999999
1.81304e-10
2.2886e-10
5.8565e-10
2.94948e-08
7.25778e-12
6.12158e-12
8.18416e-13
1.0366e-08
5.9772e-11
3.82654e-11
3.18431e-12
1.90643e-09
1.34513e-11
1.59053e-09
5.01531e-13
1.22945e-10
2.24589e-11
1.55505e-11
1.59671e-11
5.39818e-13
5.74255e-12
9.52209e-10
3.09033e-14
3.43531e-11
1.42928e-11
1.31466e-09
1.66576e-08
1.19124e-11
8.83308e-12
1.37512e-12
3.78989e-12
0.01
9.90655e-11
0.02
2.25663e-11
5.2505e-11
2.10213e-12
4.49375e-10
0.01
1.47083e-09
6.62063e-12
1.06397e-11
6.74099e-11
5.32624e-12
4.60968e-10
2.87255e-12
0.01
3.40943e-12
1.42071e-12
3.27067e-10
2.04551e-11
5.77462e-10
1.01698e-09
7.44457e-12
5.23619e-08
1.28311e-11
5.27368e-10
2.79349e-11
6.42105e-12
9.93145e-13
5.95339e-11
1.38382e-09
