0.272504
0.168254
0.186814
0.122159
0.0763247
0.0721925
0.0489792
0.057884
0.0564895
0.0252232
0.0173644
0.0113816
0.0110367
0.0513373
0.021339
0.0137623
0.0110447
0.0148359
0.00101653
0.000427709
0.000702116
0.0109694
0.000230696
0.000190818
0.000729367
0.00146116
0.000994933
0.0100299
0.000225629
6.7301e-05
6.68758e-06
0.000113697
0.000962479
0.0103643
0.000128598
0.000188803
0.00018056
0.000120852
3.78335e-05
0.0100059
2.07997e-05
0.000102595
2.45255e-05
9.48666e-05
8.34157e-05
8.35234e-06
4.56641e-05
0.0100071
0.0094991
0.000158373
0.0100199
2.97576e-05
0.00210021
5.24274e-06
3.65425e-05
4.7604e-06
8.60005e-05
0.00026104
1.69728e-05
2.61164e-05
0.0100126
7.2798e-06
1.28695e-06
1.35983e-06
1.60837e-05
0.0100307
0.000168689
0.0100013
3.52369e-06
2.66154e-05
7.78687e-07
4.34921e-06
6.05409e-07
9.40226e-08
2.1823e-05
1.40795e-07
0.0100059
1.46999e-05
0.000233017
5.48734e-07
1.56444e-05
0.0100533
0.010064
9.61552e-06
0.000108306
1.65369e-05
1.66335e-07
0.0100779
0.0100008
8.90905e-07
1.52963e-06
1.92762e-06
0.0100024
0.0100105
2.65023e-06
1.8458e-07
3.09371e-05
6.69603e-07
4.81843e-07
1.22651e-08
6.9502e-06
0.0100008
1.54119e-05
7.25866e-07
1.03243e-08
8.26407e-09
1.51249e-06
0.0100066
2.66109e-08
2.29252e-07
0.0100001
0.000116204
2.85096e-07
1.03617e-08
2.01463e-08
0.0100001
0.0100001
1.29231e-07
2.53123e-08
2.67107e-08
0.01
0.01
5.68638e-07
4.03658e-09
4.10981e-08
1.6743e-07
6.52373e-08
2.18571e-08
5.646e-08
1.10151e-09
7.36897e-08
3.62592e-09
4.25076e-08
0.0200001
5.52794e-08
0.00999999
6.85507e-09
0.00999977
8.45356e-07
6.75868e-08
2.18547e-09
0.0203504
3.46156e-06
1.92821e-07
0.0100055
6.85102e-05
0.0100005
9.07104e-07
9.87966e-05
0.0100015
0.0100093
5.63495e-07
1.37293e-06
3.01081e-07
0.0100003
0.0100014
7.46197e-06
1.94282e-07
1.98583e-05
1.25048e-06
5.34654e-06
0.00999999
7.44501e-07
5.25182e-07
6.04729e-06
3.9361e-08
6.5919e-06
7.58149e-07
2.30339e-07
3.48389e-08
6.41439e-07
2.27209e-07
0.0100002
0.00999992
8.56139e-07
0.01
4.4172e-07
4.79014e-07
1.17516e-07
6.39338e-08
1.15817e-06
1.13118e-06
0.0100002
1.87895e-07
2.58697e-06
4.62072e-07
2.472e-06
6.97588e-09
0.00763166
1.10899e-07
1.28581e-07
2.56575e-06
7.35633e-07
0.0200004
1.63356e-07
7.5545e-07
1.48299e-08
3.00023e-08
2.42915e-08
8.62063e-07
2.98737e-06
2.44165e-05
2.51915e-08
2.32512e-05
2.2341e-07
0.0100003
0.0200002
0.0100013
1.9737e-07
9.81542e-09
2.50111e-07
5.09779e-08
4.15999e-07
2.29103e-08
6.93999e-08
0.0100028
1.58666e-08
0.01
9.38537e-10
2.57868e-08
8.76701e-09
1.49528e-07
6.56446e-09
6.54526e-08
4.0857e-08
0.00999996
1.44481e-07
1.04088e-07
4.78117e-09
1.73461e-09
4.68718e-10
4.3378e-06
2.7548e-06
4.32244e-06
4.24094e-07
2.28449e-06
0.01
2.04337e-07
1.43281e-07
2.86606e-08
4.96629e-07
9.25654e-08
7.63951e-08
2.98894e-08
1.89152e-07
4.32404e-06
8.34531e-08
4.32112e-09
9.85853e-09
1.04574e-06
0.01
1.0212e-08
6.10386e-08
2.51835e-08
5.43991e-09
1.82696e-08
8.11362e-09
2.37871e-08
6.43147e-08
0.0100002
2.98429e-10
3.22524e-09
5.58939e-08
1.28163e-09
8.35752e-09
7.6043e-10
2.10123e-09
7.21206e-09
7.14065e-08
7.69844e-08
1.00091e-08
2.00743e-09
1.38147e-09
1.10436e-09
2.02395e-09
0.02
7.58271e-08
4.33785e-08
1.70969e-10
5.88742e-10
0.01
1.41106e-08
2.40935e-09
1.06752e-06
4.52151e-08
2.55924e-10
3.50429e-09
1.91624e-08
0.02
7.09544e-10
2.61253e-09
6.97248e-10
1.26372e-08
1.51419e-09
1.01205e-09
4.31183e-08
1.97324e-08
5.17637e-10
5.8642e-09
1.10682e-09
1.0037e-09
2.37633e-10
4.643e-10
1.74477e-09
2.58745e-08
5.92687e-11
1.31187e-10
1.10904e-10
0.01
0.01
2.10965e-08
2.10361e-10
1.11936e-10
1.06108e-10
1.05019e-08
9.62922e-09
6.29977e-09
4.59041e-10
7.45789e-10
1.20818e-09
1.22543e-08
2.48499e-09
6.07361e-10
7.18109e-11
4.15211e-10
2.37454e-09
2.17017e-09
8.25074e-10
2.06301e-10
6.3294e-10
1.30746e-10
1.04702e-08
9.18376e-10
8.15699e-09
4.65882e-10
0.01
2.56023e-09
6.53161e-12
6.48125e-10
1.05733e-10
6.53636e-10
6.20096e-10
3.03347e-10
7.33646e-11
1.16424e-08
6.5389e-10
9.0116e-10
4.3251e-09
1.75332e-09
5.16431e-11
1.18923e-09
1.09044e-11
1.06418e-11
1.21301e-10
7.98856e-12
8.80505e-12
2.12411e-08
1.28158e-11
0.01
2.58141e-12
6.55961e-13
4.8895e-11
0.01
1.39691e-11
0.01
1.09668e-12
5.43769e-12
3.36271e-12
5.82591e-12
1.32314e-10
1.41165e-09
0.01
5.03133e-10
2.56695e-11
8.25018e-11
3.14314e-08
1.21465e-11
6.12756e-11
1.05724e-12
3.04593e-11
0.01
1.24857e-10
5.28163e-08
9.99633e-08
0.000162907
2.77322e-08
1.49551e-08
1.27836e-09
4.72808e-07
2.41497e-06
1.06255e-08
1.0427e-08
8.05152e-10
1.97457e-09
3.77977e-09
1.00627e-07
7.29458e-11
2.42588e-07
6.76103e-09
1.70556e-08
9.44033e-09
4.20146e-09
5.62682e-09
9.16395e-11
6.35155e-10
2.10189e-08
2.02346e-07
3.8631e-07
9.15114e-10
1.08847e-10
1.74389e-10
0.0100001
2.97135e-10
2.69068e-08
0.01
4.09771e-11
0.01
8.20621e-06
0.01
5.11826e-08
9.27127e-08
7.24516e-10
4.12874e-10
2.87944e-06
5.97996e-07
4.49643e-07
1.6023e-06
7.66614e-10
0.01
6.68649e-10
1.50621e-09
4.07267e-07
1.14519e-09
4.19085e-08
6.84885e-07
1.24948e-09
3.27253e-09
7.3184e-10
9.03724e-10
5.09125e-06
2.02239e-10
1.55574e-10
1.5559e-09
6.57519e-09
8.27345e-09
4.87117e-09
1.99167e-09
0.01
7.50837e-11
8.78153e-11
3.00244e-11
4.74241e-10
6.24908e-10
3.34034e-08
5.17941e-11
6.09721e-10
1.20719e-07
6.34952e-12
0.01
1.12165e-11
4.3384e-11
6.1326e-09
2.23346e-10
2.60566e-08
1.68145e-10
6.05836e-10
0.01
3.81582e-08
4.76684e-10
3.96787e-10
3.41743e-11
1.04549e-09
7.28434e-10
2.57247e-11
0.01
1.0666e-10
6.26851e-10
9.58108e-10
4.56101e-11
3.61625e-07
2.63026e-10
4.34505e-11
8.43767e-12
0.00999942
9.99066e-11
2.49825e-09
6.05433e-10
9.46339e-09
0.01
1.78592e-10
3.80329e-09
8.78865e-10
2.39294e-10
7.10568e-11
4.51789e-09
0.01
3.3517e-10
1.88278e-11
1.08505e-11
4.25968e-10
5.03667e-10
7.75644e-10
7.31552e-11
9.11341e-10
3.0941e-11
4.02482e-10
3.66268e-11
8.03243e-11
1.17769e-08
2.46273e-11
2.05593e-11
3.09787e-09
7.12449e-08
4.10256e-10
3.00214e-11
7.14466e-11
2.10338e-10
7.01417e-06
4.72667e-08
9.771e-10
3.1701e-07
4.07092e-08
5.62605e-08
1.41054e-07
2.37961e-08
1.38181e-08
3.01517e-09
2.96274e-10
2.03382e-09
6.86549e-06
6.14676e-09
1.31928e-08
3.05853e-08
4.39363e-09
0.0100001
1.60739e-07
3.36451e-07
6.10254e-09
6.67545e-09
6.28823e-09
4.19814e-08
1.51546e-06
1.4186e-07
8.01053e-08
3.75596e-08
1.95648e-09
3.50771e-10
2.32261e-09
2.60569e-10
2.95808e-09
4.60421e-08
1.5978e-10
6.50356e-10
6.73995e-11
2.76365e-09
4.54621e-09
8.69383e-10
7.04853e-09
7.51255e-08
1.49615e-09
1.0895e-07
1.67262e-07
0.00999999
2.52401e-07
1.02519e-07
5.21528e-06
8.34775e-06
1.3898e-08
1.2559e-07
4.91844e-08
2.17018e-08
1.82884e-08
2.70028e-09
2.71614e-07
2.34974e-07
6.51189e-06
0.0100001
3.96441e-08
1.38428e-09
1.70972e-07
8.4782e-09
2.89307e-08
4.31774e-08
6.38333e-07
0.01
1.87065e-09
2.13209e-09
3.34774e-10
8.61976e-10
2.71924e-10
5.41333e-09
6.81937e-10
7.58003e-10
4.658e-08
1.13292e-05
8.00556e-07
7.49261e-08
9.76091e-07
3.92777e-07
4.55206e-07
1.44617e-06
2.68164e-08
7.36785e-09
7.89216e-09
7.36491e-09
9.61767e-08
2.51233e-07
1.26691e-09
2.3639e-10
5.51443e-09
5.17933e-09
9.37237e-10
1.74137e-08
2.22605e-08
1.74332e-10
6.42573e-10
2.06894e-10
2.26672e-10
1.80626e-11
8.76615e-11
1.23453e-09
7.15282e-10
1.87193e-11
6.97463e-10
0.01
1.10956e-09
4.5714e-11
5.07338e-09
1.46965e-10
1.13348e-08
8.74969e-10
3.95862e-09
2.80377e-11
3.53441e-09
4.08706e-08
9.89094e-11
1.97859e-08
3.26411e-11
8.50515e-10
7.1063e-12
1.40576e-11
4.21396e-10
1.56414e-10
3.72184e-10
1.08802e-08
1.89147e-09
4.16888e-10
6.36307e-11
2.19879e-09
3.68958e-11
1.92656e-10
2.24746e-11
6.4448e-11
7.58489e-11
4.64455e-10
0.01
1.94463e-09
4.56583e-11
7.83206e-10
2.08067e-09
0.01
1.9124e-10
1.01583e-09
2.11877e-10
3.71453e-11
1.09215e-11
9.1261e-11
1.31607e-09
6.34234e-09
2.06243e-08
1.45569e-09
1.93105e-10
3.39081e-10
3.0863e-09
5.40763e-09
0.01
2.6888e-10
2.01705e-10
5.00903e-12
1.06159e-10
3.81383e-09
2.10262e-12
0.01
8.47384e-10
5.49107e-10
2.09583e-09
4.58056e-06
7.10874e-09
7.20436e-05
1.89123e-10
4.00786e-10
1.32257e-08
5.91241e-08
2.32607e-08
2.34356e-07
9.3393e-09
3.44145e-08
1.8652e-10
8.41145e-08
1.8458e-08
2.19446e-08
1.04729e-09
2.62353e-09
9.93215e-10
6.46495e-09
7.90774e-10
3.77263e-10
1.36532e-09
6.02817e-07
7.29262e-10
2.94608e-09
6.37205e-10
6.18738e-09
6.68882e-10
3.78678e-07
4.91346e-09
2.29752e-10
1.42359e-09
2.32883e-09
2.84181e-09
1.5444e-09
5.36859e-10
1.56572e-10
4.89291e-08
5.0418e-08
5.59198e-09
1.68712e-08
6.60584e-11
4.98359e-08
4.94413e-09
2.14079e-10
7.24675e-11
7.16688e-11
9.50394e-10
2.44248e-12
7.41391e-08
2.35982e-10
7.21928e-11
5.9109e-10
3.50824e-09
1.03561e-11
0.02
1.43282e-12
8.56867e-10
2.80871e-11
1.1062e-10
7.67848e-11
2.96332e-11
4.7003e-10
2.48669e-09
3.1237e-11
1.42973e-10
2.10187e-13
1.09453e-10
2.82434e-10
2.84544e-10
5.39117e-10
2.29933e-10
4.70466e-10
1.02841e-10
8.45752e-12
2.17858e-10
1.37996e-11
7.82292e-11
1.14643e-10
1.00965e-11
0.01
7.10828e-10
2.81214e-10
4.23629e-10
2.40449e-11
3.93165e-11
4.48788e-13
7.68615e-12
7.14591e-12
1.36201e-10
2.81574e-11
6.81558e-11
8.32156e-10
3.70762e-12
7.76526e-12
4.2297e-11
7.09513e-11
9.58133e-12
2.57967e-08
1.49539e-12
2.32424e-11
1.86611e-13
7.29401e-11
8.79256e-10
6.27112e-13
2.38067e-09
3.93907e-13
2.6944e-10
1.86106e-12
4.16585e-11
1.38284e-11
9.29306e-10
7.37875e-12
1.62031e-12
1.52079e-11
7.5859e-14
2.78147e-11
1.33902e-11
1.92082e-13
1.05713e-12
7.14264e-12
1.43879e-13
1.29072e-10
3.46106e-12
1.9998e-11
2.48534e-12
1.50965e-09
3.49151e-12
8.26463e-14
6.78809e-12
1.63253e-11
6.14112e-12
1.68391e-13
8.62213e-12
9.18746e-12
1.06547e-10
1.22034e-14
1.03055e-09
5.00411e-13
2.17517e-12
1.82191e-13
4.45075e-14
6.9108e-14
6.48828e-12
2.72962e-07
1.49603e-06
9.69334e-09
1.78317e-09
5.30147e-11
3.52144e-08
1.65387e-08
4.16824e-07
6.31891e-11
1.30233e-05
2.58757e-08
1.41764e-09
1.06368e-08
1.67649e-10
1.81116e-12
1.34683e-11
0.01
5.59268e-08
9.65168e-10
4.68504e-11
0.01
1.82225e-11
2.36933e-08
3.98863e-11
3.07748e-11
7.74943e-13
1.92252e-09
3.12702e-10
4.34448e-10
5.99418e-09
2.69503e-11
8.62175e-12
9.44803e-13
1.24644e-12
3.9701e-11
1.58172e-12
8.54716e-10
4.40121e-12
6.88749e-11
9.84509e-09
2.05646e-11
1.81645e-11
8.94412e-12
8.22972e-12
2.58798e-13
9.2564e-14
0.01
2.51638e-10
6.03513e-13
2.94481e-08
2.46926e-10
0.01
8.77241e-11
1.20636e-10
2.50949e-09
5.97351e-12
1.94096e-12
8.10092e-11
2.2545e-11
1.78544e-10
2.73599e-09
0.01
1.94006e-13
8.69472e-14
3.47339e-12
1.54181e-11
2.18357e-10
2.78157e-12
0.01
6.72638e-13
3.46327e-13
2.31077e-10
9.35893e-09
3.02658e-10
3.37147e-13
2.27718e-14
1.50817e-11
4.88076e-11
5.24699e-12
0.01
2.62823e-12
5.68729e-12
2.67168e-12
2.00618e-15
7.33646e-12
7.61813e-11
1.00243e-08
3.80202e-11
0.01
5.45542e-09
2.40169e-08
1.71036e-12
7.52505e-11
0.01
9.54435e-12
1.3194e-10
1.79787e-07
2.66797e-11
2.31653e-12
8.68303e-12
5.42703e-13
1.85803e-09
0.01
2.70443e-09
3.84595e-12
1.8245e-11
6.4462e-11
4.45407e-10
2.02672e-13
1.06251e-12
1.40074e-12
3.70784e-12
5.16628e-10
3.60453e-10
5.80831e-09
4.93805e-11
1.16454e-11
9.8248e-12
1.11295e-09
1.01768e-11
1.1505e-14
8.83191e-11
8.83287e-11
1.71758e-08
4.56291e-12
5.55301e-13
4.5162e-08
2.1302e-12
9.94963e-13
1.74759e-11
1.19095e-12
4.95724e-12
3.31709e-12
1.2547e-10
1.16781e-13
1.17067e-12
5.40363e-13
1.10316e-11
2.34387e-12
1.8119e-11
6.12716e-14
4.19386e-12
1.22163e-12
2.13957e-10
2.1972e-10
4.79391e-13
0.00999999
5.90563e-13
7.31714e-10
2.68499e-13
7.7669e-14
9.89053e-13
1.06871e-12
8.11352e-14
1.68714e-10
1.52103e-12
2.53997e-13
0.01
2.57151e-08
1.25316e-09
2.92884e-12
1.36875e-11
3.45313e-10
5.97218e-09
8.20035e-12
2.21159e-13
7.41454e-12
3.67002e-12
2.39273e-11
1.20825e-12
