0.255303
0.169395
0.128334
0.139287
0.088725
0.0454862
0.0460999
0.0427146
0.0206675
0.0337233
0.031398
0.0206567
0.0253032
0.0247353
0.0127362
0.00182027
0.000186986
0.000392049
0.0083562
0.0080674
0.000626004
0.0162017
0.000186712
0.000381773
0.000931125
0.000110309
0.0011655
0.00802028
0.000211713
6.40864e-05
0.00012492
1.40057e-05
9.91718e-05
0.000230899
8.81776e-06
5.8424e-06
9.2118e-05
7.72054e-06
5.35573e-06
0.00798594
0.00414818
0.000252212
0.000313989
4.28838e-06
0.0159714
0.00802335
0.000132794
3.24045e-05
3.40034e-05
5.26065e-05
4.59979e-06
4.46575e-05
5.05512e-06
1.12976e-06
3.67482e-06
0.00112757
3.06746e-05
0.016014
4.48582e-05
0.00800389
0.00823377
1.55607e-05
1.29729e-06
3.33274e-05
1.70708e-06
1.98078e-06
7.9793e-07
6.10535e-06
0.00800316
1.56579e-06
3.27345e-07
2.07375e-06
0.00799965
0.00799699
3.07418e-07
3.6379e-07
1.13574e-06
3.53995e-06
5.07953e-07
0.000115434
0.000334469
0.000233872
0.000278034
5.81279e-06
0.0081244
7.51643e-06
2.69268e-07
2.21279e-05
3.68345e-06
0.00800065
8.2825e-06
0.00800378
1.49019e-07
9.30462e-07
2.41014e-08
0.00800285
2.16235e-05
6.36114e-07
8.09002e-06
2.73022e-07
0.000346855
0.00841188
0.0160013
8.64471e-07
8.53635e-06
3.06817e-06
0.00800138
2.16076e-06
3.46927e-07
6.14544e-05
7.78789e-06
0.000359404
5.59282e-07
3.74194e-06
0.0080039
1.08649e-06
7.48301e-05
0.0080045
1.11041e-07
1.05264e-07
1.14127e-06
3.61088e-07
6.37931e-06
1.07451e-05
0.00800044
0.00800001
3.36848e-08
7.14324e-05
4.03311e-08
0.00800034
8.45107e-07
4.30725e-08
3.1055e-09
3.02208e-06
2.94775e-07
1.58122e-08
0.008
9.80488e-09
2.64073e-07
3.92659e-09
1.73764e-07
8.31842e-09
1.26031e-09
1.04735e-08
9.63487e-09
9.57585e-09
8.7002e-08
0.016
6.64964e-07
1.93806e-06
7.48645e-07
1.4416e-07
6.16446e-08
1.24488e-06
1.41914e-07
2.26356e-05
3.13726e-05
0.0159963
3.00401e-07
2.69555e-06
5.04376e-07
3.36646e-08
4.09111e-08
1.03293e-07
3.20043e-07
1.41361e-08
1.9007e-07
2.61255e-08
3.8898e-07
1.30866e-07
5.72986e-09
1.10634e-09
7.45176e-08
5.48811e-08
1.89976e-08
1.98363e-08
2.16105e-09
1.37069e-09
3.00552e-06
2.92197e-07
5.33256e-09
2.66639e-08
4.74879e-08
7.797e-08
0.00800063
9.80206e-09
0.00800001
4.98595e-08
0.00800002
8.44381e-09
3.1035e-09
1.68454e-07
0.00800022
5.67915e-08
3.43991e-09
8.68841e-09
1.62401e-09
9.78881e-09
3.94795e-10
1.5122e-07
2.13646e-06
2.49324e-08
0.00800001
1.17913e-09
4.52124e-09
0.008
8.41349e-11
2.27137e-08
0.00800007
2.7772e-09
6.01475e-09
1.66811e-09
7.82128e-10
1.30677e-07
2.21167e-09
8.13873e-09
5.95575e-08
2.60941e-09
1.18695e-10
1.09557e-08
2.03883e-09
3.6313e-09
1.29634e-08
7.08788e-10
2.64499e-10
9.22687e-09
4.83482e-10
8.59633e-10
3.18667e-08
0.00800018
5.90205e-10
3.5415e-09
0.000124048
0.000247003
8.24108e-07
0.00800024
0.0240002
0.0080001
1.68728e-08
2.17767e-06
2.79786e-07
2.14382e-08
4.44016e-09
2.99498e-09
2.22761e-06
1.18081e-08
1.09218e-08
2.25859e-09
5.11125e-08
1.16288e-07
1.31549e-05
1.22197e-07
1.41672e-09
3.37049e-06
4.20991e-10
2.89777e-07
1.09685e-09
0.00800001
0.00800007
3.26235e-09
1.86621e-09
4.20073e-10
0.0079999
0.00800001
2.50297e-09
2.75372e-09
7.9226e-10
2.71192e-08
1.16805e-10
3.0368e-07
1.45317e-08
2.09956e-09
2.24937e-08
4.63298e-09
2.71244e-08
8.04886e-10
3.78982e-09
4.62437e-09
4.03832e-07
2.76344e-08
1.25723e-08
1.71617e-10
3.92657e-09
1.22134e-10
1.96903e-10
2.72041e-10
3.8905e-09
1.39558e-09
1.43418e-09
9.06664e-10
1.20699e-09
1.48486e-09
5.20587e-11
6.47886e-07
1.13344e-10
1.92713e-08
2.43878e-10
3.67413e-09
0.00799994
4.33167e-10
2.29957e-09
4.60207e-09
1.95658e-11
1.97586e-10
1.06149e-09
1.583e-09
0.008
1.61738e-08
1.47317e-10
3.29338e-10
1.87076e-09
8.70116e-10
2.57438e-09
9.058e-08
1.43342e-08
1.64763e-11
2.92721e-10
1.54413e-11
4.267e-10
0.008
4.8845e-10
3.60044e-09
2.8869e-10
1.45163e-10
2.93876e-10
6.52654e-10
2.95253e-08
5.3394e-10
8.04366e-10
8.67074e-09
6.20613e-11
2.01388e-11
0.008
2.65911e-10
1.01362e-07
5.01861e-09
1.62562e-08
3.46213e-11
4.24343e-08
7.15753e-07
1.18773e-07
4.84843e-08
0.0022027
4.88388e-07
5.46336e-07
7.54342e-08
2.28879e-08
6.75918e-09
3.40393e-08
5.18474e-08
3.13096e-09
3.93321e-09
3.82924e-10
1.06009e-06
3.32453e-09
1.14955e-06
1.72823e-08
1.61326e-07
0.00800006
1.92113e-09
2.21938e-09
2.5009e-07
9.07757e-10
2.01957e-09
0.008
4.2811e-09
6.98402e-07
1.60851e-09
0.008
4.56146e-07
1.31166e-09
8.9563e-10
1.76082e-09
1.04331e-09
0.00800027
5.61235e-09
3.17472e-09
1.1004e-07
0.00800001
2.29219e-10
0.00800149
3.022e-08
6.67436e-10
1.50674e-08
1.63239e-09
9.95484e-08
2.17158e-06
1.82213e-09
0.008
1.08401e-09
6.63695e-10
8.49054e-09
2.06614e-08
5.21084e-09
2.75089e-09
4.21644e-08
2.29551e-08
9.52271e-08
0.008
4.4189e-10
2.79324e-10
0.00800001
4.13317e-08
1.28213e-09
1.05252e-09
5.1309e-09
9.76396e-10
2.78412e-09
1.77387e-08
2.28401e-10
1.03101e-08
1.57608e-10
1.06859e-09
4.32651e-10
4.25661e-10
2.07807e-09
1.27426e-09
8.44378e-11
2.92205e-09
1.47706e-08
9.47686e-09
7.67827e-12
3.34056e-09
5.60889e-10
2.03652e-11
6.36676e-10
1.34873e-10
0.00799998
0.016
2.14407e-09
4.65578e-10
3.60554e-08
1.98597e-10
1.13398e-10
3.28328e-11
3.42649e-10
8.14487e-11
3.10489e-10
0.008
1.46436e-09
2.55692e-10
3.40287e-10
9.97645e-11
3.2802e-10
0.008
0.00799999
0.008
3.52671e-10
2.49212e-11
0.008
0.00148052
5.60715e-07
2.67903e-08
2.11465e-06
2.02453e-08
1.39419e-07
7.08872e-09
5.17576e-08
0.00800248
2.63919e-09
3.44464e-09
1.18906e-05
4.42758e-10
9.91207e-09
6.39936e-10
7.49134e-09
2.61256e-07
1.26154e-09
1.25444e-09
3.37361e-09
5.79637e-09
0.00800004
3.82209e-09
1.08617e-10
4.97585e-08
7.90827e-08
9.45047e-09
1.48284e-07
2.23871e-07
0.00800002
6.91883e-09
9.18223e-10
2.13461e-09
1.80837e-07
5.88014e-10
4.7215e-10
6.02545e-07
0.008
2.36902e-08
0.008
9.50073e-10
1.06049e-08
2.49088e-09
2.87824e-10
8.61868e-09
1.42542e-08
2.54023e-09
2.36179e-10
8.00509e-10
1.02307e-08
1.10672e-09
2.14307e-09
2.71615e-09
9.6505e-11
2.17041e-10
7.84708e-09
6.48303e-10
2.41393e-11
2.21474e-10
1.10832e-07
5.92648e-10
2.49173e-10
2.76732e-10
1.68776e-09
5.47831e-09
4.71409e-11
3.11562e-10
1.09163e-10
4.77457e-09
5.29357e-10
1.4293e-10
9.57606e-11
2.51616e-09
5.92534e-10
2.27073e-09
2.38754e-09
3.00366e-09
2.90167e-08
8.98199e-12
5.99918e-10
2.69607e-11
1.3801e-10
0.000243667
2.09219e-10
5.22755e-06
1.69044e-09
1.63928e-06
1.6531e-08
9.17803e-10
1.5655e-10
0.000109815
1.28846e-10
9.11632e-10
3.83161e-11
1.29793e-09
1.99988e-09
1.21558e-06
8.42256e-10
3.38567e-10
1.73064e-07
9.51582e-09
7.69991e-07
6.45121e-09
2.8186e-10
6.92092e-09
2.43339e-10
4.0628e-08
3.58166e-10
4.60826e-09
1.65006e-10
6.14065e-11
6.61887e-11
9.97699e-09
3.60309e-10
0.00800007
5.99289e-11
4.10369e-09
1.1556e-10
3.33085e-07
0.00800001
4.33837e-10
2.65216e-09
0.00800003
5.33575e-11
6.93055e-10
1.69887e-10
2.21718e-09
5.77433e-08
1.15482e-09
5.55178e-09
2.44315e-11
4.43115e-10
3.87586e-12
6.05893e-11
0.00799999
5.68092e-09
5.52582e-10
4.56567e-11
5.22424e-10
0.00800001
4.20659e-12
1.88322e-09
2.06386e-10
5.88423e-11
2.31454e-10
1.24292e-10
6.77957e-11
9.73205e-11
6.25675e-10
1.33922e-10
5.06809e-08
9.48429e-09
2.00602e-09
1.25243e-11
1.18543e-08
3.40063e-10
1.91546e-10
2.79101e-09
9.65095e-11
3.2628e-08
3.31817e-09
2.60822e-12
9.18307e-10
3.70543e-10
2.25549e-10
7.44193e-11
1.81103e-11
5.80507e-10
3.73099e-08
3.72143e-12
5.44952e-10
6.76651e-10
3.89373e-09
7.91504e-11
4.40408e-07
2.7154e-08
6.22493e-12
1.06043e-08
3.01016e-10
2.00407e-11
9.17784e-12
1.76526e-09
9.63253e-12
2.99392e-11
7.02997e-11
4.81616e-12
4.03555e-07
1.63475e-10
2.6181e-10
2.24147e-10
6.98272e-11
2.08054e-11
3.93265e-10
0.00311834
1.67102e-05
2.74198e-09
2.85857e-08
1.18618e-06
1.76693e-08
4.93361e-07
7.91715e-07
1.72782e-09
5.47766e-10
7.60055e-09
0.00799999
7.53784e-07
1.3326e-08
1.49932e-10
2.86864e-08
1.41424e-09
6.0607e-10
7.70183e-08
5.94449e-09
2.34008e-10
5.58299e-10
8.42776e-09
4.51367e-07
1.26553e-09
5.56108e-10
1.49981e-07
2.99189e-08
9.17655e-10
1.21408e-10
1.64015e-09
1.98177e-09
7.68997e-10
7.49271e-11
4.38452e-11
5.32087e-10
9.72581e-10
0.00800001
7.24514e-11
3.0507e-09
4.99575e-10
1.01932e-09
5.21251e-09
1.32965e-07
1.09144e-09
8.83463e-10
8.4867e-09
8.9536e-11
2.21726e-07
1.6007e-10
5.56937e-10
1.07916e-08
1.39064e-09
3.21545e-09
2.0432e-09
6.34295e-11
1.92615e-09
4.18386e-08
2.76359e-10
6.9449e-10
1.6534e-08
3.4698e-10
5.18437e-09
1.8253e-07
6.12772e-10
3.74375e-08
2.38916e-10
1.36582e-10
1.13155e-10
1.88465e-09
1.353e-10
1.83528e-10
3.02171e-09
1.32015e-07
1.99912e-08
1.83618e-06
1.85898e-08
1.50949e-07
1.93927e-09
8.47924e-11
1.01163e-07
3.00504e-07
1.40436e-09
5.97372e-10
1.63945e-10
1.53321e-06
3.60514e-08
2.48232e-07
1.43986e-07
2.07559e-09
1.1802e-07
3.58106e-07
6.20449e-08
3.75781e-09
3.19952e-09
1.83986e-08
4.84527e-10
2.09248e-09
0.008
1.99359e-09
2.18073e-10
5.11076e-10
7.83802e-10
1.24015e-09
5.51854e-10
6.37343e-10
5.81619e-11
2.29712e-10
5.99855e-10
2.03265e-11
0.008
1.00343e-10
2.59295e-11
1.04577e-10
2.29502e-09
3.56194e-09
1.31059e-11
5.21756e-08
5.41821e-11
9.86207e-12
1.0345e-09
2.36013e-10
2.24906e-09
8.45689e-11
1.33349e-10
1.48298e-08
1.1279e-12
6.29522e-11
5.66676e-10
3.08766e-10
1.88489e-08
1.41708e-10
8.16831e-12
1.58915e-10
1.25462e-08
8.44385e-12
4.40328e-11
9.92488e-11
1.45113e-06
2.13676e-10
3.64707e-12
1.10482e-06
3.02853e-08
1.77659e-10
1.05384e-11
4.01069e-10
1.14155e-10
4.64149e-11
2.45145e-11
1.69263e-10
1.61657e-09
3.44002e-09
2.78067e-09
1.20413e-10
4.03961e-11
4.34392e-10
0.000229536
0.00147822
4.87601e-08
9.59639e-09
1.69811e-09
1.38104e-09
1.06141e-09
2.64549e-09
2.31066e-08
0.0080001
4.67609e-10
8.13364e-10
1.37823e-09
6.98469e-09
7.37289e-11
4.40898e-09
1.37781e-10
0.008
7.48016e-10
3.62873e-11
1.26006e-07
2.30311e-08
2.36753e-08
3.11171e-08
4.57262e-09
2.28576e-08
1.17082e-08
3.5801e-09
6.38022e-09
4.92818e-10
1.51047e-06
1.61988e-10
8.00193e-10
4.63338e-12
6.47525e-11
7.69131e-10
8.17989e-09
4.0735e-11
1.16283e-09
7.6695e-11
5.64716e-11
7.6527e-10
7.9939e-12
2.72977e-10
7.88802e-11
1.11576e-09
4.671e-11
9.10248e-11
8.45821e-11
2.16518e-08
2.20157e-10
2.40213e-12
1.29522e-10
1.26046e-09
3.99014e-10
6.27897e-11
1.84405e-09
3.47398e-10
5.8619e-11
4.74801e-11
4.8851e-11
4.47992e-11
3.24186e-11
1.44798e-11
9.6308e-12
1.71652e-10
7.73999e-11
2.86501e-11
1.14743e-07
5.3281e-11
1.91139e-08
4.01552e-11
1.33644e-10
4.70953e-10
2.28014e-11
9.89687e-11
5.08029e-11
1.30679e-10
3.90906e-11
4.01172e-10
6.63487e-12
3.77124e-12
5.57993e-10
8.38575e-10
1.21075e-12
6.45974e-11
1.53089e-09
7.50018e-12
1.40846e-10
5.39522e-11
2.70958e-11
1.51917e-10
1.20045e-09
1.43485e-09
2.27418e-09
1.02146e-11
7.05099e-10
6.89189e-12
2.26891e-13
7.09611e-12
5.49365e-12
2.40463e-09
2.8715e-13
1.84966e-11
2.54302e-12
1.38281e-11
1.07268e-10
2.78342e-10
1.58938e-11
3.09792e-12
8.59722e-11
6.78469e-12
2.70804e-11
1.53056e-10
1.65152e-09
7.55175e-13
1.93361e-13
1.48308e-12
6.47513e-12
1.8962e-09
2.83553e-12
5.28166e-11
6.5724e-12
2.19652e-12
1.79649e-12
1.37135e-09
2.63636e-13
3.06669e-11
5.66746e-11
3.45079e-13
1.27564e-08
1.74645e-11
5.36311e-12
8.98893e-11
7.32527e-11
1.47374e-12
3.03155e-12
3.43483e-12
7.4398e-13
4.44013e-13
8.12404e-12
4.27015e-10
5.35173e-08
2.80786e-09
4.7384e-12
7.61121e-12
3.64087e-13
4.00484e-14
2.4811e-13
1.46066e-11
0.008
1.36619e-11
2.71625e-11
0.008
1.87926e-13
3.35734e-14
2.57494e-12
3.40011e-12
3.06368e-13
1.29251e-14
0.008
1.62426e-11
2.68633e-13
2.38059e-11
8.96705e-14
3.15314e-14
6.65795e-13
2.6325e-14
8.30954e-13
6.53186e-12
1.25501e-11
4.87117e-12
1.15625e-13
5.6067e-14
1.66615e-13
1.3861e-11
1.00751e-12
1.58821e-08
1.75169e-07
9.65595e-08
4.30696e-09
1.10562e-11
1.78117e-12
3.41139e-11
2.75632e-10
3.48193e-10
1.20241e-11
3.37299e-11
1.79093e-11
6.03503e-10
4.75115e-10
1.95264e-12
1.19318e-10
2.32794e-13
1.99923e-09
3.93346e-10
1.0221e-11
5.91401e-12
9.35869e-11
5.82261e-09
1.85886e-11
