0.536666666667
0.756666666667
0.766666666667
0.78
0.933333333333
0.93
0.96
0.963333333333
0.986666666667
0.986666666667
0.973333333333
1.0
0.98
0.973333333333
0.986666666667
0.986666666667
0.98
0.993333333333
0.993333333333
0.993333333333
0.986666666667
0.993333333333
1.0
0.986666666667
1.0
1.0
0.993333333333
1.0
0.986666666667
0.993333333333
0.993333333333
1.0
0.993333333333
0.986666666667
0.986666666667
1.0
1.0
1.0
0.993333333333
0.993333333333
0.986666666667
1.0
1.0
1.0
1.0
0.993333333333
1.0
1.0
1.0
0.993333333333
1.0
1.0
1.0
0.993333333333
1.0
1.0
1.0
1.0
0.993333333333
1.0
1.0
0.993333333333
0.993333333333
1.0
1.0
0.993333333333
1.0
0.986666666667
0.993333333333
1.0
1.0
0.993333333333
1.0
1.0
1.0
0.993333333333
0.993333333333
1.0
1.0
1.0
1.0
1.0
0.986666666667
1.0
1.0
0.993333333333
0.986666666667
0.986666666667
0.993333333333
0.993333333333
1.0
0.993333333333
1.0
1.0
1.0
1.0
0.993333333333
1.0
1.0
0.993333333333
1.0
0.993333333333
1.0
0.993333333333
1.0
1.0
0.993333333333
1.0
1.0
1.0
1.0
1.0
0.986666666667
1.0
1.0
1.0
1.0
1.0
1.0
0.993333333333
1.0
0.993333333333
1.0
0.993333333333
1.0
0.993333333333
1.0
0.993333333333
1.0
1.0
0.993333333333
1.0
0.993333333333
1.0
1.0
1.0
1.0
1.0
1.0
1.0
0.993333333333
1.0
1.0
1.0
1.0
1.0
1.0
1.0
1.0
0.993333333333
1.0
1.0
1.0
1.0
1.0
1.0
1.0
1.0
1.0
1.0
0.993333333333
1.0
0.993333333333
1.0
0.993333333333
0.993333333333
1.0
1.0
0.993333333333
1.0
1.0
1.0
1.0
1.0
0.993333333333
1.0
0.993333333333
1.0
1.0
1.0
1.0
1.0
1.0
1.0
1.0
0.993333333333
1.0
0.993333333333
0.986666666667
1.0
0.993333333333
0.993333333333
1.0
1.0
0.993333333333
1.0
0.993333333333
1.0
1.0
1.0
0.993333333333
1.0
1.0
1.0
1.0
1.0
0.993333333333
0.986666666667
1.0
1.0
1.0
1.0
1.0
1.0
0.993333333333
0.993333333333
1.0
0.993333333333
1.0
1.0
1.0
1.0
1.0
1.0
1.0
1.0
1.0
1.0
1.0
1.0
0.993333333333
1.0
1.0
0.993333333333
0.993333333333
0.993333333333
0.986666666667
1.0
1.0
1.0
1.0
1.0
1.0
1.0
1.0
0.986666666667
1.0
1.0
1.0
1.0
1.0
1.0
1.0
1.0
1.0
1.0
1.0
1.0
1.0
1.0
1.0
0.993333333333
0.993333333333
0.993333333333
0.993333333333
1.0
1.0
1.0
0.986666666667
1.0
0.986666666667
1.0
0.993333333333
1.0
1.0
0.98
1.0
1.0
1.0
1.0
1.0
1.0
1.0
0.993333333333
1.0
1.0
1.0
1.0
1.0
1.0
1.0
1.0
1.0
1.0
1.0
1.0
1.0
1.0
1.0
1.0
1.0
1.0
0.993333333333
1.0
1.0
1.0
1.0
1.0
0.993333333333
1.0
1.0
1.0
1.0
1.0
1.0
1.0
1.0
1.0
1.0
1.0
0.993333333333
1.0
1.0
1.0
1.0
1.0
1.0
1.0
1.0
1.0
1.0
0.993333333333
1.0
1.0
1.0
1.0
0.993333333333
1.0
1.0
0.993333333333
1.0
1.0
1.0
1.0
1.0
1.0
1.0
1.0
0.993333333333
0.993333333333
1.0
1.0
1.0
1.0
1.0
1.0
1.0
1.0
1.0
1.0
1.0
0.993333333333
1.0
0.993333333333
1.0
1.0
1.0
1.0
1.0
1.0
1.0
1.0
1.0
1.0
1.0
1.0
0.993333333333
0.993333333333
1.0
1.0
0.986666666667
0.993333333333
1.0
1.0
1.0
1.0
0.993333333333
1.0
1.0
1.0
0.993333333333
1.0
1.0
1.0
1.0
1.0
0.993333333333
1.0
1.0
1.0
1.0
1.0
1.0
1.0
0.993333333333
0.993333333333
1.0
1.0
1.0
0.993333333333
1.0
1.0
1.0
1.0
1.0
1.0
1.0
0.993333333333
1.0
1.0
1.0
1.0
1.0
1.0
1.0
1.0
1.0
1.0
1.0
1.0
1.0
1.0
1.0
1.0
1.0
1.0
1.0
1.0
0.993333333333
1.0
0.993333333333
1.0
1.0
0.993333333333
1.0
1.0
1.0
1.0
1.0
1.0
1.0
1.0
0.993333333333
1.0
1.0
1.0
1.0
0.993333333333
1.0
1.0
1.0
1.0
1.0
1.0
1.0
1.0
0.993333333333
1.0
1.0
1.0
1.0
1.0
1.0
1.0
1.0
0.993333333333
1.0
1.0
1.0
1.0
1.0
1.0
1.0
1.0
1.0
1.0
1.0
0.993333333333
0.993333333333
1.0
1.0
1.0
1.0
0.993333333333
1.0
1.0
1.0
1.0
1.0
1.0
1.0
1.0
1.0
1.0
