0.252664
0.178767
0.164129
0.152422
0.0678373
0.0608408
0.0373973
0.0358249
0.0187312
0.0203239
0.0247788
0.0014628
0.0181313
0.0287929
0.0143356
0.0137491
0.0202578
0.00289741
0.00737486
0.00213091
0.0135514
0.00676556
0.000240321
0.0133262
8.84691e-05
0.000119132
0.00673863
0.000339723
0.0134082
0.00665674
0.00671964
1.06143e-05
0.0066718
0.0134068
0.0120041
7.24259e-05
2.99637e-05
1.3398e-05
0.00667911
0.00771316
0.0133507
6.7792e-06
0.000429294
0.000153835
0.00014908
0.00672738
3.45157e-05
4.26332e-06
8.07354e-05
0.00667001
2.88182e-05
1.2443e-06
6.97496e-07
0.00666752
1.13057e-05
3.82495e-05
2.01473e-05
7.70826e-07
0.00666801
5.97647e-07
6.08709e-06
0.00667662
0.00668607
5.62766e-06
9.66128e-06
0.00707889
1.73973e-05
0.0133537
0.00696412
4.58843e-05
7.34422e-05
0.00668343
4.49717e-06
7.28453e-07
2.89505e-07
0.00666717
0.00666655
3.55939e-07
4.65586e-07
1.91394e-06
2.58969e-05
2.40647e-06
0.013355
1.75602e-06
0.000117461
0.00666824
0.0133342
0.0133225
0.00668193
0.00666799
3.45135e-06
0.00666736
2.46954e-07
1.27447e-07
2.03134e-06
3.10235e-08
0.00667963
1.87437e-07
1.33796e-06
0.00665218
1.72306e-06
0.00666706
6.42074e-08
0.00666685
3.68417e-07
4.52674e-07
0.00666714
1.4954e-07
1.6216e-05
1.9435e-06
9.0224e-05
4.09033e-07
0.0133341
1.44983e-07
7.51202e-05
2.07948e-06
2.78372e-06
1.27402e-07
2.6486e-07
0.00666668
8.13326e-07
0.00666677
4.52913e-07
0.00666705
3.94603e-06
0.00666759
4.57436e-07
0.00666675
5.22602e-07
1.83649e-07
0.00666667
6.13358e-08
0.0066668
2.09956e-09
5.42635e-07
9.26651e-08
6.66214e-08
1.68441e-08
6.99736e-09
2.54437e-08
0.00666668
1.07335e-08
1.58997e-08
1.00668e-07
1.35204e-08
5.70908e-08
2.49531e-08
3.60659e-08
2.83287e-08
0.00666666
1.02725e-08
1.17976e-09
1.15574e-08
2.03385e-08
1.33773e-08
3.71976e-09
2.31162e-08
2.90479e-08
1.37145e-06
6.44154e-09
0.00666665
7.93804e-09
0.00666667
1.99296e-08
0.00666807
0.00666667
8.0846e-10
2.17791e-08
0.00666668
3.73514e-10
1.37384e-09
7.95511e-09
1.66973e-08
1.65205e-10
0.00666667
1.04587e-09
0.00666667
9.61344e-09
4.22533e-10
9.24009e-09
1.13139e-09
2.87016e-10
1.70577e-08
1.93779e-10
3.92113e-09
0.00666667
2.49651e-08
0.00666667
0.0133333
1.17763e-07
0.00666674
0.00666666
8.30082e-09
3.36798e-11
0.00666658
2.79623e-10
0.00666666
3.91655e-10
1.9068e-10
7.85286e-09
0.00671064
1.20682e-05
1.45448e-06
1.07793e-05
9.44616e-07
2.62169e-06
0.00666702
0.0133367
4.12904e-09
1.15349e-06
1.36775e-05
2.59166e-06
1.40662e-07
2.47151e-09
0.0066667
0.00666619
1.7827e-05
0.00666662
6.76101e-07
2.69787e-08
7.08032e-09
9.55493e-09
1.25646e-07
6.03003e-08
1.2538e-08
3.30402e-08
2.70371e-07
1.77288e-08
2.41424e-07
2.44472e-07
0.00666669
2.03679e-07
1.18826e-08
0.00666668
0.00666666
0.00666683
0.013333
7.5926e-08
2.38398e-06
1.49989e-08
2.88794e-07
4.75809e-05
9.08103e-05
2.07164e-08
6.34026e-08
0.0133333
2.45923e-07
9.57231e-08
6.77977e-07
2.01999e-08
1.06097e-08
1.10487e-08
7.58531e-09
1.75738e-08
3.12611e-09
9.56703e-08
1.07782e-08
1.71003e-06
9.11003e-09
0.00016302
3.3877e-07
0.00667049
0.00666906
0.00667152
0.00666668
3.36399e-06
1.72514e-08
1.08075e-07
0.0133333
2.19686e-09
0.0133333
3.1718e-09
0.00666673
6.30399e-09
6.39617e-08
0.0200002
2.95715e-09
7.64791e-08
1.58065e-07
6.94571e-08
5.91021e-09
5.76268e-06
1.4225e-07
0.00666671
1.68559e-08
1.23388e-09
2.4362e-09
9.65773e-08
1.49988e-07
1.22324e-08
7.88892e-11
4.65234e-10
7.30803e-09
7.21046e-10
8.00522e-09
2.32444e-09
1.50337e-10
4.52188e-09
1.05049e-09
5.33436e-10
1.23387e-08
4.57905e-09
0.00666667
7.06763e-08
2.37691e-09
1.90985e-10
7.23928e-09
3.21928e-10
0.0066667
8.60086e-10
6.30276e-10
4.82497e-10
4.45864e-10
4.49004e-09
9.29703e-10
3.67497e-09
3.36288e-08
2.62788e-09
1.7263e-09
7.23184e-09
0.00666667
2.17711e-09
3.50455e-09
7.50019e-08
1.25749e-10
5.32496e-09
6.53139e-09
7.26984e-09
5.73083e-10
2.72867e-08
2.1742e-10
0.00666667
1.11325e-08
6.52364e-09
4.16957e-09
2.19139e-07
0.00666674
2.154e-10
2.59483e-09
0.00666667
1.40648e-10
5.50012e-10
3.49831e-05
1.11235e-07
1.86881e-07
8.59265e-08
3.0792e-07
3.58601e-06
0.00666682
0.00666667
1.06206e-08
4.11671e-08
6.00477e-08
2.46965e-08
6.76022e-09
4.76751e-08
4.47456e-08
8.48958e-08
1.24688e-09
2.15454e-08
3.72269e-06
0.00666668
1.32504e-08
0.00666667
1.71677e-06
1.74433e-08
1.29315e-07
7.02026e-10
1.1482e-09
2.91006e-08
1.55586e-08
8.27012e-08
7.4236e-09
7.51254e-09
2.33401e-07
1.20301e-07
0.00666671
0.00666667
3.48219e-07
7.86868e-09
0.0133334
0.00666668
2.77069e-10
1.71707e-09
6.56464e-09
2.2e-10
0.00666669
1.18019e-09
6.45379e-07
1.30673e-09
0.00666794
4.45563e-05
5.72577e-09
1.008e-08
1.19694e-07
1.03122e-09
0.00666668
1.04422e-08
2.14442e-10
6.14517e-10
1.46049e-10
1.38214e-09
1.48278e-07
2.06614e-06
0.00666667
0.0066666
5.16948e-10
8.38644e-10
2.17923e-09
0.00666667
5.02531e-08
1.06628e-07
3.78519e-08
5.30476e-09
3.29443e-07
7.73324e-09
9.30615e-10
0.00666667
1.35618e-08
3.29244e-10
1.37344e-08
6.08101e-08
1.23953e-08
1.34236e-09
1.6969e-08
7.7875e-06
4.16739e-09
8.70241e-09
6.50982e-09
1.16697e-09
1.99892e-08
4.05225e-10
1.1096e-09
5.68056e-10
1.1574e-10
2.84925e-08
2.28977e-09
8.11182e-08
0.00666667
9.97873e-08
0.00666668
8.73652e-10
1.3652e-08
0.00666667
2.2618e-09
1.19404e-10
1.08583e-08
6.8961e-09
1.56959e-09
2.53395e-08
2.31045e-07
2.72051e-06
0.00666667
5.73986e-05
2.01733e-08
8.83272e-08
1.96332e-09
0.0066668
1.85424e-07
1.04022e-06
3.35285e-08
1.29118e-08
2.06405e-09
1.60015e-06
1.94285e-07
1.01402e-08
0.00666675
7.07635e-09
7.81819e-09
4.44196e-09
2.22045e-07
3.99994e-09
1.63561e-09
4.9645e-08
5.80563e-09
0.0066667
1.11889e-08
2.50252e-09
5.75935e-09
3.43952e-10
1.12237e-10
1.59533e-08
8.91759e-10
1.8086e-09
2.08688e-08
1.33405e-10
5.86205e-09
0.00666667
0.00666666
4.76454e-09
5.53587e-10
6.8949e-10
4.27651e-11
0.00666667
1.65054e-08
4.48872e-10
9.11895e-10
2.21843e-10
2.57097e-09
3.92542e-08
3.78628e-08
2.5532e-12
1.34829e-08
1.86024e-09
