0.698916
0.228921
0.16963
0.17004
0.130151
0.0870532
0.081091
0.0631734
0.0142467
0.0238897
0.0430213
0.0346654
0.0240404
0.0093467
0.0122117
0.0139573
0.00574975
0.00972629
0.00336595
0.0120395
0.00203187
0.00284882
0.0037489
0.0229722
0.00205474
0.00273347
0.00150337
0.00634278
0.00178613
0.00219316
0.00140488
0.00166689
0.00184272
0.00182025
0.00153977
0.010207
0.00221818
0.00185264
0.0105204
0.00124936
0.00159083
0.00195755
0.00123988
0.0112879
0.000909918
0.00142855
0.0103641
0.000845305
0.00146105
0.00112821
0.000987894
0.00122805
0.0010728
0.000599105
0.000934196
0.000975851
0.000576845
0.000660202
0.00964415
0.000660728
0.000600585
0.000433578
0.000585069
0.000796379
0.000767637
0.00936795
0.00041964
0.000455352
0.000732317
0.000442185
0.000541171
0.00997152
0.0131756
0.000737261
0.000611212
0.000552169
0.00171251
0.000474733
0.000412319
0.000776566
0.00860135
0.000547992
0.000399807
0.000403492
0.000533995
0.000386745
0.000823053
0.00979927
0.00043199
0.0085894
0.000451256
0.0100878
0.000335267
0.00995528
0.000197469
0.00026486
0.000400698
0.000308004
0.000599752
0.000393814
0.00139044
0.00031087
0.0011294
0.000662179
0.000195783
0.000281546
0.000256124
0.000209626
0.000622785
0.00016583
0.000382831
0.000385078
0.000249527
0.000258513
0.000199359
0.000345033
0.00300645
0.0013116
0.0005061
0.000445375
0.000485605
0.000638622
0.00479
0.000350812
0.00145979
0.000280263
0.000204191
0.000222106
0.000422187
0.000195576
0.000297192
0.00040048
0.000228487
0.00690104
0.000187033
0.000287879
0.000310304
0.000214164
0.00016719
0.000249116
0.000256491
0.00039746
0.000235492
0.000210896
0.000149516
0.000407604
0.000200223
0.00559798
0.000149364
0.000188587
0.000141006
0.00019275
0.000850193
0.000297244
0.000241375
0.000406341
0.000322801
0.000204073
0.000203393
0.000286141
0.000155012
0.000350452
0.000186082
0.000131836
0.000285905
0.000235648
0.000132823
0.000111694
0.000326111
0.000129761
0.000178513
0.000544844
0.000249543
0.00013913
0.000764583
0.000153734
0.000363595
0.000191003
0.000213762
0.000187965
0.000126775
0.000150684
0.000410805
0.000251908
0.000254852
0.000329915
0.000142889
0.000132646
0.000154073
0.000439036
0.000252412
0.000290717
0.000359474
0.00025829
0.000116117
0.000539887
0.000708152
0.000199276
0.000474665
0.000151145
0.000150075
0.000970397
8.10265e-05
0.000215375
0.000165813
0.000190782
6.76615e-05
0.000124288
0.000154011
0.000101665
0.000110455
7.97202e-05
0.000102628
7.25907e-05
0.000106355
0.000495413
0.000266159
0.000193121
0.000204067
0.000270453
9.11283e-05
0.000134059
0.000140927
0.000179798
0.000154815
0.000417904
0.000110119
0.000111405
0.000217401
9.42476e-05
0.000107265
6.3547e-05
0.000163108
0.00509425
7.81092e-05
8.1075e-05
7.65366e-05
6.67464e-05
8.37768e-05
9.62905e-05
0.000241533
7.28861e-05
8.86495e-05
4.52352e-05
0.00547889
0.000187317
0.000210086
0.00540707
0.000324619
9.30639e-05
0.0001303
8.94462e-05
9.59159e-05
9.95467e-05
0.000272154
6.33466e-05
8.67785e-05
0.000102564
6.01009e-05
4.83539e-05
0.000110537
7.82732e-05
0.000119803
0.000301273
0.00527421
0.000100422
3.40672e-05
4.86588e-05
0.000386363
5.17162e-05
3.55644e-05
0.00016606
7.93562e-05
4.74035e-05
4.2132e-05
6.89829e-05
4.24353e-05
2.97622e-05
9.94922e-05
5.30134e-05
3.72008e-05
2.54674e-05
0.000276671
0.000113328
0.000415683
0.00022839
0.00013983
8.25558e-05
8.11619e-05
0.000153083
0.000474132
0.000278576
0.000175749
0.000158614
0.000186412
0.00517318
8.26971e-05
0.000481462
0.00556523
6.81126e-05
6.92639e-05
0.000143805
0.000198531
8.46222e-05
0.000887806
5.82232e-05
7.4118e-05
0.000100271
3.33892e-05
7.98984e-05
6.78186e-05
0.000277837
3.4255e-05
0.00509064
3.58426e-05
6.08964e-05
4.48164e-05
3.6885e-05
3.26571e-05
3.94378e-05
5.66871e-05
3.9891e-05
4.2319e-05
3.4346e-05
0.000850794
2.85279e-05
3.2026e-05
3.07351e-05
3.08664e-05
2.91491e-05
5.39895e-05
4.30263e-05
3.4288e-05
4.98311e-05
0.00917939
0.00024021
0.000182762
0.000121249
9.93253e-05
0.000188351
0.000161374
6.48694e-05
0.00518396
5.76966e-05
7.20419e-05
8.19212e-05
6.63741e-05
0.000138329
6.0173e-05
7.58085e-05
4.48441e-05
4.13954e-05
2.91022e-05
7.37486e-05
6.61391e-05
5.04888e-05
4.94108e-05
4.17058e-05
6.56976e-05
4.50185e-05
4.67543e-05
2.91806e-05
2.55982e-05
2.61642e-05
4.44701e-05
0.00513351
0.00491732
0.000134008
3.52983e-05
0.000194511
0.000207645
0.000349254
0.000211531
9.10656e-05
7.73393e-05
6.15067e-05
5.30453e-05
7.11352e-05
2.81499e-05
6.14787e-05
0.00508217
3.04682e-05
4.74593e-05
5.94523e-05
4.4098e-05
0.000115788
4.64883e-05
6.59902e-05
5.12998e-05
8.92573e-05
0.000100073
5.13099e-05
5.91746e-05
6.8942e-05
3.62511e-05
0.000103352
9.62084e-05
9.70761e-05
6.86482e-05
6.13368e-05
6.57193e-05
0.000105994
8.29416e-05
0.000297024
6.07229e-05
4.57191e-05
3.25831e-05
2.87529e-05
4.59171e-05
3.92032e-05
5.79593e-05
4.60409e-05
3.84256e-05
6.9674e-05
3.98897e-05
3.24231e-05
2.67906e-05
1.7088e-05
3.48626e-05
2.81237e-05
3.11854e-05
0.000191897
2.59904e-05
3.53721e-05
1.5466e-05
3.58624e-05
2.85871e-05
0.000231899
0.00028654
0.000219893
4.22844e-05
6.31203e-05
7.73282e-05
8.51032e-05
0.000120563
0.000101911
0.000124812
3.47086e-05
0.00321975
4.83567e-05
4.20413e-05
6.40185e-05
0.000233221
3.67608e-05
2.02113e-05
0.000157242
3.78897e-05
2.47729e-05
1.75898e-05
4.64813e-05
2.50921e-05
6.6877e-05
0.000174673
2.89172e-05
0.000317031
0.000122422
0.000935136
3.29962e-05
4.26094e-05
0.00021271
0.000101451
6.85141e-05
4.8069e-05
4.65803e-05
6.58099e-05
0.000195138
4.20684e-05
5.00797e-05
4.87382e-05
6.01461e-05
8.05406e-05
4.40011e-05
2.88298e-05
8.56067e-05
6.41829e-05
3.4512e-05
3.46286e-05
2.42261e-05
2.38328e-05
1.46469e-05
3.19919e-05
1.39457e-05
3.97394e-05
3.19095e-05
2.67768e-05
3.00458e-05
2.00035e-05
1.02295e-05
2.90309e-05
1.60625e-05
1.11602e-05
1.23381e-05
1.51447e-05
1.46335e-05
1.39327e-05
1.50199e-05
1.64023e-05
0.000580981
2.10542e-05
1.51582e-05
1.18257e-05
1.95548e-05
1.1367e-05
2.07811e-05
1.34999e-05
0.000169407
1.82553e-05
0.000105595
1.89888e-05
0.000346155
0.000130055
0.000126645
0.000106011
0.000161517
0.00012717
7.61858e-05
6.60979e-05
4.71492e-05
4.31515e-05
0.00012307
3.91402e-05
3.12818e-05
2.72089e-05
4.36761e-05
2.31604e-05
1.97397e-05
1.06117e-05
1.41097e-05
1.79096e-05
1.4368e-05
3.76271e-05
1.20721e-05
1.3657e-05
1.30981e-05
1.17076e-05
1.67938e-05
1.02682e-05
1.58594e-05
1.70432e-05
4.24851e-05
1.20664e-05
5.42099e-05
1.60014e-05
2.86059e-05
1.11883e-05
1.14168e-05
1.28978e-05
8.41209e-06
5.65856e-05
1.41556e-05
1.56247e-05
3.89296e-05
2.35843e-05
1.48469e-05
4.88992e-05
4.28602e-05
1.19303e-05
1.07439e-05
6.72161e-05
1.58391e-05
4.13511e-05
1.25576e-05
1.54458e-05
2.98057e-05
0.000208962
3.48057e-05
3.7102e-05
6.81482e-05
2.67938e-05
7.4942e-05
6.60337e-05
0.0001077
0.000105892
9.87848e-05
5.41794e-05
9.62948e-05
3.64711e-05
1.81805e-05
2.10682e-05
2.04295e-05
1.97854e-05
5.25013e-05
2.96811e-05
1.12725e-05
0.000104149
2.211e-05
2.27562e-05
2.30751e-05
1.45432e-05
2.63822e-05
5.49507e-05
2.3136e-05
3.56794e-05
8.80047e-05
0.000139083
2.49905e-05
2.99371e-05
1.25935e-05
1.36681e-05
2.99706e-05
1.40554e-05
1.22142e-05
6.75161e-05
7.13814e-05
5.64572e-05
2.85716e-05
0.000114535
4.19393e-05
2.56217e-05
3.29046e-05
2.59163e-05
2.67825e-05
2.1097e-05
4.17942e-05
2.31169e-05
1.09476e-05
1.64653e-05
1.29851e-05
1.39031e-05
3.74568e-05
1.33126e-05
2.06278e-05
1.08115e-05
1.45252e-05
2.00358e-05
0.00137939
1.32411e-05
1.35186e-05
1.25647e-05
1.24757e-05
7.44228e-06
1.47115e-05
1.4174e-05
8.94638e-06
1.16625e-05
1.07086e-05
8.15232e-06
1.09477e-05
1.36374e-05
1.45841e-05
9.76119e-06
9.33605e-06
3.91222e-05
1.46762e-05
2.22585e-05
1.38667e-05
1.29074e-05
1.23244e-05
1.87008e-05
1.44564e-05
1.8027e-05
1.54728e-05
1.15186e-05
7.20717e-06
1.43007e-05
1.38803e-05
1.15766e-05
9.87804e-06
0.000364883
1.12896e-05
9.2088e-06
1.95494e-05
1.65691e-05
1.87566e-05
0.000127707
2.24211e-05
1.39155e-05
3.95751e-05
1.25453e-05
1.11934e-05
9.1788e-06
0.000314627
0.000126674
6.43212e-05
0.000896492
0.000121064
0.000107317
0.000159097
0.00835184
3.98832e-05
2.85368e-05
4.98318e-05
3.37259e-05
4.96257e-05
4.77024e-05
0.000108329
3.88744e-05
2.26996e-05
2.99101e-05
2.41832e-05
5.10384e-05
3.64492e-05
2.38156e-05
1.56345e-05
5.15471e-05
1.54552e-05
1.36443e-05
1.23285e-05
8.20916e-06
2.05933e-05
1.95022e-05
1.28419e-05
1.36428e-05
1.07268e-05
1.12251e-05
9.88945e-06
7.3585e-06
1.18775e-05
8.93573e-06
2.41283e-05
1.16482e-05
8.24192e-06
7.83346e-06
9.74892e-06
8.66371e-06
1.11821e-05
5.21493e-06
1.102e-05
6.73602e-06
8.40954e-06
8.21722e-06
5.92814e-06
1.81771e-05
1.05507e-05
1.02554e-05
1.50036e-05
1.39285e-05
1.45606e-05
1.26671e-05
9.90573e-06
1.02548e-05
0.000150966
4.18184e-05
5.88051e-05
2.19671e-05
4.17991e-05
8.69714e-05
4.24472e-05
6.46399e-05
5.36338e-05
4.33392e-05
7.21309e-05
3.30681e-05
6.58136e-05
4.32856e-05
2.85671e-05
3.33128e-05
2.32572e-05
0.00996437
4.87246e-05
0.00021581
1.22096e-05
2.57062e-05
1.8038e-05
1.4315e-05
8.324e-06
1.31262e-05
6.85409e-06
1.08187e-05
2.30983e-05
6.56939e-06
8.48525e-06
6.17894e-06
1.06127e-05
4.74205e-06
6.38501e-06
6.91736e-06
1.63068e-05
1.5778e-05
9.41286e-06
6.94581e-06
4.11688e-05
3.20469e-05
5.30891e-05
1.5101e-05
7.00883e-06
7.30708e-06
8.52861e-06
6.03505e-06
8.004e-06
8.65787e-06
6.79434e-06
1.0092e-05
4.7452e-06
6.61378e-06
6.63692e-06
7.16611e-06
7.29425e-06
9.57832e-06
8.51586e-06
7.18373e-06
8.43215e-06
2.14559e-05
1.18871e-05
1.28512e-05
7.48145e-06
1.42096e-05
1.01185e-05
1.10482e-05
5.69346e-06
9.79109e-06
8.80688e-06
5.74424e-06
6.1783e-06
6.84714e-06
1.13597e-05
1.88341e-05
3.25487e-05
3.94898e-05
8.79309e-06
3.05517e-05
0.000337188
0.000142036
0.000137684
0.000150355
0.00015839
0.0101306
0.000118602
8.87964e-05
4.51182e-05
7.30534e-05
6.04568e-05
0.000167193
6.59016e-05
2.64559e-05
3.719e-05
2.8301e-05
2.32986e-05
1.96336e-05
3.79694e-05
3.80152e-05
4.30438e-05
1.25853e-05
1.51924e-05
6.04349e-05
1.36097e-05
1.00141e-05
2.60849e-05
3.41236e-05
2.62646e-05
1.58182e-05
1.28531e-05
1.48924e-05
4.04368e-05
1.42483e-05
6.03683e-06
8.6135e-06
7.39688e-06
2.966e-05
2.11411e-05
0.000115944
6.46747e-06
2.12156e-05
4.52174e-06
5.63202e-06
2.00689e-05
3.91541e-05
9.50102e-06
6.79155e-06
9.59872e-06
1.61068e-05
4.87178e-06
3.83273e-06
5.49077e-06
5.92403e-06
2.90132e-06
8.00603e-06
6.2872e-06
4.15871e-06
1.31208e-05
1.76512e-05
1.29064e-05
5.10174e-06
8.07812e-06
4.82055e-06
5.39846e-06
6.14237e-06
5.60573e-06
1.33237e-05
7.97989e-06
9.1608e-06
1.10925e-05
8.09623e-06
1.81152e-05
1.51539e-05
4.10037e-06
1.08322e-05
9.31962e-05
4.83057e-05
0.000213441
0.000117947
0.000143257
5.34888e-05
0.000182363
0.000203093
7.33627e-05
0.000108177
5.67541e-05
5.55158e-05
4.59552e-05
3.43015e-05
3.05474e-05
3.45489e-05
2.63337e-05
2.28326e-05
2.81036e-05
9.04553e-05
2.03311e-05
1.61511e-05
1.57861e-05
1.36848e-05
1.688e-05
2.52723e-05
2.62864e-05
1.27831e-05
1.33821e-05
1.01359e-05
1.46307e-05
3.0522e-05
5.56579e-06
7.02601e-06
8.70359e-06
1.43208e-05
8.02189e-06
8.14275e-06
7.44343e-06
8.79803e-06
6.72183e-06
1.00717e-05
8.03373e-06
7.10384e-06
1.00108e-05
4.74473e-06
4.49913e-06
1.04738e-05
7.00819e-06
5.15986e-06
6.22921e-06
6.91205e-06
4.47113e-06
1.52516e-05
4.2557e-06
2.34417e-05
2.10771e-05
1.8711e-05
5.62259e-06
4.83304e-06
7.66421e-06
4.24934e-06
2.67496e-05
4.79537e-06
2.40845e-05
9.01123e-06
9.69936e-05
1.14926e-05
4.93528e-06
4.17384e-06
7.24279e-06
8.72977e-06
5.57277e-06
5.08933e-05
2.33891e-05
9.93344e-06
1.88075e-05
7.30076e-06
6.24842e-06
1.53156e-05
8.86128e-06
8.92427e-05
3.89106e-05
3.34378e-05
2.29204e-05
0.000141238
6.47944e-05
0.000316516
0.000154689
4.3414e-05
9.43201e-05
4.57574e-05
3.18575e-05
3.83636e-05
2.8224e-05
3.02845e-05
3.40377e-05
2.06075e-05
2.94852e-05
1.65138e-05
5.60885e-05
1.69615e-05
1.15676e-05
1.15329e-05
1.92641e-05
7.58202e-06
7.0411e-05
3.96359e-05
2.88858e-05
3.23208e-05
1.28024e-05
4.24101e-05
0.00014213
