0.264242
0.227897
0.177047
0.117908
0.0948294
0.0546079
0.0724766
0.0688394
0.0530352
0.0158709
0.026883
0.0426381
0.00347222
0.0357152
0.0209424
0.00591446
0.0202744
0.0124368
0.000853375
0.0103229
0.0102053
0.010378
9.01621e-05
0.000626033
0.000709725
0.0223805
0.0100814
0.0115875
0.000407028
0.000308204
0.0020047
0.0020237
0.00905041
0.000266273
0.010088
0.000916283
0.0100397
0.010497
3.32222e-05
0.000189839
1.19696e-05
0.010078
0.000719118
2.22815e-05
1.54262e-05
0.000130524
1.62576e-05
0.010007
3.3314e-05
2.32013e-05
9.44865e-06
2.89131e-06
1.8491e-05
3.85891e-06
2.30463e-05
0.0100005
2.36392e-06
1.95989e-05
7.435e-06
0.00996268
2.60276e-05
2.28171e-05
7.47303e-08
0.0101508
0.0300093
0.0100034
6.63916e-08
3.32168e-05
1.00959e-05
2.88567e-06
7.35985e-07
0.010025
5.84455e-07
0.00268588
1.14462e-06
4.56613e-06
5.38976e-06
0.000448259
0.000133749
8.81451e-06
6.28668e-06
2.74744e-07
0.0100007
4.02023e-06
0.000194052
3.0319e-06
3.46999e-06
0.00998884
4.16054e-08
1.16423e-07
9.61412e-07
3.25614e-08
0.0100005
5.32413e-06
4.02186e-08
6.50766e-08
1.33546e-07
2.07172e-06
6.92286e-09
0.0100004
1.41595e-08
2.92525e-08
0.0100813
4.82185e-06
4.12553e-10
6.69972e-08
6.04158e-08
2.93416e-09
7.05295e-08
3.35918e-08
2.14251e-08
0.01
2.05026e-07
9.85717e-08
9.08694e-09
1.18134e-08
2.95337e-08
4.25682e-09
7.33485e-10
8.60652e-08
8.59602e-09
1.36654e-09
0.02
0.00111871
1.79807e-06
2.64258e-05
0.0101287
5.54676e-06
1.81281e-05
4.01065e-06
9.88274e-05
0.0101896
5.31476e-07
6.35838e-08
9.73997e-07
0.0100037
1.53937e-06
7.83071e-07
3.96564e-06
8.32744e-05
5.10873e-06
1.85667e-05
8.11934e-07
1.09787e-06
6.6568e-08
4.89663e-07
0.01
1.34738e-08
1.47175e-06
3.53654e-08
8.37401e-08
3.25413e-09
3.05613e-07
1.36743e-07
5.86977e-07
1.68712e-07
0.0100001
2.14856e-08
3.75187e-06
1.78576e-06
2.83563e-06
5.33196e-09
8.98733e-09
1.37165e-08
1.21126e-06
5.86479e-09
5.34936e-08
1.14691e-07
1.46284e-08
0.01
6.94672e-11
1.04785e-08
6.23555e-09
2.41358e-08
4.92696e-08
2.76869e-07
9.55575e-10
0.01
5.96462e-10
6.99081e-11
0.01
3.48295e-06
1.48639e-05
3.03694e-06
5.10305e-08
9.96667e-10
0.0100006
1.64478e-09
7.77075e-09
8.91225e-09
1.16658e-08
5.46167e-08
1.31482e-07
1.04131e-09
1.8003e-09
2.29516e-09
6.79788e-10
0.01
3.7628e-09
1.18445e-07
6.23267e-08
8.46055e-10
3.64359e-11
3.03419e-08
0.01
7.91285e-10
0.010002
0.000216809
0.000130629
1.78751e-07
8.8371e-06
4.79909e-07
6.22235e-07
4.80084e-08
2.05916e-06
1.51934e-06
2.94187e-09
2.14882e-08
9.24597e-05
1.13866e-07
4.69398e-08
3.81242e-06
1.27398e-07
5.17928e-09
2.09415e-07
8.18471e-08
2.11156e-06
6.95253e-05
1.04136e-08
1.78441e-08
2.70811e-08
1.8889e-07
2.29974e-08
3.84301e-08
0.0100226
0.000159485
1.52447e-08
0.00999999
9.46879e-10
4.4818e-08
2.04759e-06
0.00152505
1.5305e-06
1.95418e-06
0.0100108
1.20812e-08
9.89761e-10
5.08041e-10
0.01
1.94158e-08
2.04139e-08
2.40262e-10
4.88194e-08
1.3433e-08
2.28589e-08
1.67092e-07
2.10213e-08
5.9939e-08
7.28597e-08
1.09663e-09
4.56079e-09
1.18548e-08
1.18954e-08
1.36295e-07
9.4123e-08
3.1022e-09
0.0195985
1.68639e-08
0.01
7.68623e-11
4.98566e-09
5.89694e-08
0.01
4.39312e-07
2.92368e-06
1.84043e-09
1.95759e-10
0.0100001
7.85327e-12
1.30637e-06
1.19064e-09
1.17501e-10
2.23455e-10
1.36327e-08
1.35574e-09
1.19433e-10
1.85443e-09
0.01
7.15696e-11
1.16493e-07
3.38974e-09
1.72567e-10
4.2776e-10
8.47918e-10
4.18119e-10
4.6837e-09
0.0100009
7.30391e-12
1.30147e-10
8.77813e-09
3.729e-08
1.03628e-10
3.79272e-09
6.84812e-10
3.87937e-10
4.62935e-09
0.01
3.65726e-07
5.61031e-11
8.36692e-10
8.87721e-07
6.68864e-11
2.52514e-12
4.61492e-09
5.31226e-10
1.08686e-12
0.0100001
3.77962e-11
7.55856e-10
4.80833e-08
4.37316e-10
5.3029e-10
2.98e-10
2.9982e-09
1.19406e-12
2.11445e-06
2.4143e-07
1.78003e-07
8.74886e-07
5.94258e-10
6.44527e-07
8.38746e-07
0.01
6.36408e-07
1.78129e-10
2.85934e-08
7.92339e-09
5.51896e-08
5.69713e-09
0.01
2.27796e-10
3.80359e-06
3.90804e-08
3.78084e-08
9.53906e-11
5.83889e-11
4.37284e-10
9.8885e-08
2.00059e-08
1.57907e-09
1.68753e-09
3.59788e-11
4.48442e-10
1.54074e-09
1.07657e-09
6.12669e-06
0.000162737
0.00245755
1.9248e-08
8.16717e-08
3.12224e-09
6.53846e-09
5.49354e-09
2.35875e-08
4.67538e-09
2.77586e-08
0.0100004
1.26297e-12
0.0100001
3.49063e-07
4.86778e-10
1.57031e-07
0.01
0.01
2.82912e-10
1.12622e-09
5.25419e-08
1.11923e-09
4.2854e-09
0.01
1.10174e-09
6.0207e-09
1.74208e-07
4.89297e-09
1.44722e-07
0.0100001
1.41893e-07
2.16938e-10
1.04536e-12
6.30494e-10
5.37894e-10
1.98535e-08
2.71526e-08
0.01
6.01553e-10
2.12575e-08
6.37553e-10
2.519e-09
7.63317e-09
1.46794e-09
6.46737e-11
1.11096e-09
1.81858e-09
2.50754e-08
3.02749e-11
6.94624e-12
1.26024e-08
3.91994e-11
4.29994e-11
0.01
2.4023e-07
4.61684e-09
0.01
7.22947e-09
3.00961e-05
0.000106625
1.0472e-07
0.0100011
7.18305e-08
2.53124e-08
4.69177e-10
1.37596e-06
1.28231e-10
0.01
6.34249e-08
2.53111e-06
8.47452e-09
1.06522e-07
0.01
2.21466e-09
1.99441e-08
4.01959e-09
2.98459e-11
3.83121e-11
2.21841e-06
7.11077e-11
1.2657e-10
1.83245e-10
6.96487e-11
5.82863e-09
2.62563e-08
2.81499e-08
2.32415e-09
1.69175e-07
0.00999998
1.91279e-08
0.01
4.39269e-11
5.09047e-11
1.59496e-11
1.80138e-11
4.85448e-09
0.01
8.83759e-10
4.56883e-09
1.00116e-10
1.62057e-07
3.38696e-06
1.82772e-08
1.007e-09
0.00999994
0.0100004
2.62937e-06
0.01
1.40909e-07
4.33405e-08
2.88296e-09
4.5879e-10
2.2284e-10
1.88761e-06
5.60761e-11
1.26376e-09
1.14726e-11
1.14726e-06
9.48688e-09
3.23353e-09
1.1107e-08
2.01182e-11
4.4758e-11
3.71262e-09
1.30946e-10
1.40354e-09
4.32537e-08
7.97003e-08
8.34947e-10
3.0854e-09
1.38884e-11
1.32919e-10
2.09415e-10
7.21754e-08
2.18863e-08
2.59875e-08
1.26253e-10
3.26221e-09
2.62478e-12
8.50908e-11
1.52809e-10
1.14824e-10
1.41419e-05
0.010058
0.01
4.84007e-11
5.60864e-09
1.58302e-09
9.02197e-10
6.335e-10
1.25292e-07
3.88522e-11
0.01
1.05944e-05
8.03227e-08
4.27683e-09
1.3562e-09
2.37025e-07
7.06442e-10
0.01
0.01
0.01
1.77725e-07
1.75939e-09
1.5129e-09
2.284e-09
6.71638e-06
1.32346e-11
1.58528e-10
4.1735e-10
1.5741e-10
1.83582e-10
1.07865e-09
4.5774e-10
3.98743e-08
5.36238e-11
2.20292e-09
1.04963e-08
1.2186e-10
6.35481e-08
1.08498e-08
1.25221e-08
8.94135e-10
5.06592e-11
0.01
3.87111e-11
0.01
4.8839e-09
2.56684e-10
7.19538e-08
6.23234e-08
1.25464e-08
2.19783e-09
8.84228e-09
0.01
6.22146e-10
2.02335e-10
2.55239e-10
2.81095e-12
8.71943e-12
1.45801e-12
9.94892e-11
2.61008e-12
2.64633e-12
3.64894e-10
0.01
7.23213e-09
2.73911e-11
2.7886e-10
8.59864e-11
5.15455e-10
0.01
6.64462e-15
2.16284e-11
9.90545e-09
1.13631e-09
1.04223e-13
3.89893e-11
2.20287e-11
3.50253e-14
1.68077e-08
5.56908e-06
2.33513e-09
4.12364e-09
6.34522e-09
2.47944e-10
1.20912e-07
1.72803e-07
3.74024e-07
2.3729e-09
1.59992e-09
4.83214e-11
2.24212e-09
4.34079e-05
1.60955e-09
4.53176e-07
1.42096e-07
1.53131e-11
1.4966e-09
2.50069e-09
4.07742e-09
1.26286e-09
1.2868e-11
9.51781e-08
1.0394e-07
1.33681e-08
3.91122e-08
1.57481e-10
2.12569e-07
3.25602e-07
3.35025e-10
1.41246e-11
2.2598e-10
2.31638e-08
7.54708e-11
3.74861e-12
0.00999986
6.18758e-09
5.761e-11
2.91769e-08
3.56506e-06
9.77783e-11
6.08474e-10
3.32787e-12
2.29576e-06
4.39548e-12
4.45813e-11
1.13421e-09
9.45935e-10
1.13503e-06
6.25613e-11
7.58042e-10
6.35144e-12
1.1127e-10
4.32529e-11
6.34758e-12
1.9803e-09
1.62865e-11
2.67526e-11
2.00963e-08
8.61798e-12
9.51633e-09
3.76596e-10
3.52876e-08
1.28599e-10
2.72654e-11
2.11998e-11
4.55853e-13
8.22622e-12
7.09052e-11
0.01
1.03024e-13
2.21943e-12
0.01
8.66084e-12
1.50114e-08
3.26854e-12
8.22021e-12
1.38183e-09
1.81801e-12
2.81882e-11
2.00344e-11
1.88113e-10
5.67189e-13
1.42397e-08
7.26625e-08
0.01
5.04558e-11
3.00746e-10
1.25711e-11
2.8064e-08
2.98873e-11
6.86488e-10
1.77615e-10
7.68267e-12
1.28053e-10
8.80469e-08
0.02
2.83874e-13
2.4777e-13
5.05102e-12
1.23521e-10
5.50128e-11
4.56521e-12
5.50718e-09
4.13546e-11
1.11577e-10
1.63344e-14
3.95497e-14
4.76696e-10
4.35358e-13
5.12652e-15
9.58821e-12
3.44073e-14
7.22971e-10
3.09195e-13
1.97581e-11
1.63617e-12
1.15724e-11
7.1903e-14
3.80369e-09
7.93212e-13
5.35847e-08
8.51432e-12
2.6543e-11
5.10549e-12
1.63947e-11
4.94989e-12
6.97775e-12
2.68896e-13
3.47395e-12
2.36553e-12
7.88707e-14
1.28921e-12
1.52576e-12
4.96682e-10
9.82404e-14
1.414e-13
9.17029e-12
8.08447e-14
5.02665e-10
1.40895e-10
1.98852e-09
1.96736e-11
2.47243e-09
3.31596e-09
2.44767e-10
2.61282e-11
1.91394e-13
2.45008e-09
2.17317e-10
1.0257e-08
2.14696e-06
5.09126e-08
1.00278e-08
6.57102e-11
6.01193e-09
4.39383e-11
2.04404e-08
0.00999985
7.29581e-10
8.44884e-09
2.10619e-10
6.81288e-11
5.08538e-11
5.58205e-11
1.27454e-09
5.36993e-09
1.5545e-07
3.54625e-10
1.92497e-09
7.19819e-07
4.1592e-11
3.44507e-14
3.47175e-10
6.09295e-08
4.46232e-11
1.53706e-13
2.29136e-12
4.48162e-09
5.49701e-08
2.08023e-07
2.00526e-07
3.53201e-09
8.60345e-12
1.87427e-09
0.01
1.12114e-11
0.01
2.17772e-08
9.99385e-10
1.24154e-10
1.38678e-10
8.15159e-09
1.08229e-10
2.44444e-07
7.72604e-09
0.01
1.4571e-10
4.60728e-10
1.3629e-11
4.44192e-10
9.9804e-11
1.39573e-10
0.00999912
1.10818e-11
1.39519e-12
6.11869e-07
4.83041e-07
1.22765e-11
3.25539e-13
1.24536e-07
1.0987e-12
3.27798e-10
1.66927e-09
3.49209e-12
7.81624e-10
1.55785e-12
1.11154e-10
0.01
7.85842e-10
4.08974e-13
6.20647e-10
5.08136e-09
3.43947e-10
3.01542e-12
1.82526e-12
3.52746e-12
3.56296e-10
3.12152e-12
1.89448e-12
8.35868e-12
2.9353e-11
8.21813e-12
6.70892e-13
7.29921e-11
1.22912e-11
5.66906e-10
2.97101e-08
7.46493e-13
6.18532e-12
0.01
5.19867e-08
5.82547e-15
6.85091e-11
2.1453e-10
3.00229e-14
4.12911e-10
3.74146e-10
1.04739e-06
1.65157e-10
0.01
2.65547e-09
1.66742e-10
5.20533e-06
1.94347e-09
5.62688e-10
5.84488e-10
1.08371e-08
3.93227e-05
3.47064e-11
7.65673e-07
3.1406e-09
0.01
2.54026e-10
6.11912e-09
2.90196e-09
8.92821e-11
4.23123e-11
2.50691e-09
3.81694e-08
0.0100001
1.53562e-09
5.23983e-10
5.28064e-11
6.14285e-11
2.11692e-11
4.69007e-09
0.00132254
1.79222e-05
3.83734e-09
2.74008e-09
1.76079e-08
1.92015e-08
1.72779e-10
3.6199e-08
3.80137e-13
2.24385e-09
6.52649e-07
2.12224e-10
0.02
1.84793e-10
1.6586e-09
1.30695e-09
1.34472e-11
1.68318e-07
4.38014e-08
7.71402e-10
2.28751e-11
2.36312e-11
3.23542e-11
5.45098e-11
3.88536e-08
1.07313e-09
3.88243e-13
2.22981e-11
4.14272e-09
3.88656e-11
7.00545e-10
9.82924e-12
1.39038e-08
4.05611e-10
2.12462e-13
2.12312e-12
1.61437e-12
2.92964e-09
0.01
0.01
4.07154e-08
5.40375e-12
2.12382e-10
4.0303e-10
2.98726e-12
5.62131e-10
1.82431e-11
4.47053e-12
1.46793e-10
9.38392e-09
1.37163e-11
1.7136e-11
4.15268e-13
1.01102e-10
3.70681e-11
7.29019e-09
3.32595e-12
3.22639e-08
2.64975e-12
2.86004e-09
9.46768e-11
9.64204e-11
1.10709e-12
6.00131e-12
5.15294e-10
7.97324e-11
1.20524e-12
1.28093e-09
3.60089e-09
2.17393e-13
1.09214e-10
1.24461e-12
1.06055e-13
8.9897e-11
2.16478e-11
2.2875e-14
3.35377e-12
0.01
7.64516e-11
5.20691e-13
2.5401e-12
2.17122e-11
2.33126e-10
1.24272e-09
7.41015e-12
3.85142e-09
2.39856e-11
3.44232e-12
1.82704e-14
7.88472e-10
2.57747e-07
7.25166e-10
1.44459e-13
6.08803e-13
4.92325e-12
2.72148e-13
6.12608e-12
1.05307e-11
1.88489e-12
1.96969e-13
1.02944e-11
1.55561e-13
5.09907e-13
6.63666e-13
0.01
3.37684e-13
3.88294e-09
0.01
7.33431e-13
4.37991e-12
3.31149e-12
1.7487e-11
7.39415e-12
1.68434e-10
9.28588e-15
7.22221e-12
5.0738e-10
1.0868e-09
1.24274e-13
1.4655e-13
1.12641e-11
5.297e-11
1.11665e-12
0.01
8.3338e-15
8.80284e-09
9.95523e-13
1.1159e-14
4.84635e-15
3.32698e-14
2.20096e-15
7.19255e-15
6.37258e-15
1.6717e-11
6.5168e-12
5.44865e-12
1.40293e-10
1.86936e-11
4.89029e-10
4.11346e-12
1.06211e-07
2.57153e-08
3.07556e-09
0.01
3.27805e-09
8.26049e-14
