0.251661
0.163737
0.136551
0.0983569
0.041914
0.0764726
0.0370982
0.0416947
0.0621355
0.00225661
0.00463132
0.00766046
0.011696
0.00936523
0.00925847
0.0223654
0.00103859
0.000257499
0.0102848
0.0196927
0.000745702
0.0122913
0.00801487
0.0104092
0.0104586
0.00056285
0.000125147
0.000646232
7.51165e-06
0.000830175
9.11126e-06
3.90782e-05
0.0105137
5.87951e-05
1.88489e-05
0.010008
7.81308e-05
4.79119e-05
2.09754e-06
0.00022063
0.0100322
0.0100671
0.000112009
6.97219e-05
0.000114983
0.00010022
1.92086e-05
0.000342376
2.45016e-05
2.76413e-05
4.56018e-05
6.20994e-05
2.23147e-06
0.0100575
0.000288338
5.32593e-06
3.26094e-06
3.45392e-05
9.60916e-05
2.58172e-05
3.88736e-05
4.5692e-06
4.3677e-05
4.00881e-05
0.000488778
0.0100622
8.57165e-07
0.0100008
9.69107e-08
3.22466e-06
7.29934e-06
6.6984e-07
1.11804e-06
2.15321e-07
1.48353e-07
3.08031e-08
1.35853e-06
0.0100015
2.10565e-06
1.54918e-07
9.32136e-06
1.95668e-07
1.39439e-07
2.36668e-07
1.45158e-08
1.89744e-05
1.3156e-05
7.96153e-06
5.14372e-07
1.29676e-07
1.04791e-06
0.0100002
1.60433e-07
9.40852e-07
3.74948e-08
0.01
0.00999936
1.51437e-07
5.63955e-08
0.0100004
1.3236e-08
4.65635e-09
1.28964e-07
2.82886e-07
0.00999981
7.90917e-07
1.37625e-07
4.18768e-07
1.80414e-07
5.50331e-09
5.68152e-08
0.0200006
2.92316e-08
0.00999997
1.4722e-06
1.65098e-07
5.23616e-08
2.01191e-08
4.79731e-07
2.46709e-07
2.15022e-06
0.0100002
0.0100002
1.66706e-07
3.01677e-08
2.32747e-08
7.38008e-06
6.97288e-05
0.0125271
0.000138656
0.0104161
2.42321e-05
6.49652e-06
0.0181565
4.33935e-07
6.97013e-08
4.12454e-08
4.00809e-07
0.0100032
1.64136e-06
4.45044e-06
9.3875e-07
1.64422e-07
7.48496e-06
3.71002e-07
2.88577e-06
1.84712e-05
0.000131221
2.16944e-08
3.61664e-07
1.0753e-06
7.68889e-06
2.68416e-08
4.38438e-08
8.71456e-08
9.3311e-07
5.05455e-08
4.98691e-08
4.95645e-08
9.99613e-08
6.37506e-07
1.51073e-08
3.25343e-08
1.2299e-07
1.96391e-08
1.84371e-06
0.0100022
2.31781e-07
9.77504e-07
3.33931e-05
0.0100004
1.03685e-05
1.5355e-05
3.17292e-07
2.54658e-06
3.67466e-08
3.6396e-06
7.21367e-07
2.19299e-07
8.1342e-07
4.23293e-06
2.66956e-08
1.31069e-05
2.13619e-06
1.47335e-06
2.30241e-07
4.20689e-06
1.82962e-08
1.76842e-08
6.54061e-07
1.67925e-05
5.07953e-07
2.39691e-08
6.20368e-08
1.5752e-07
7.52574e-09
0.0100035
5.84879e-08
5.08785e-08
1.55822e-07
0.01
1.85399e-08
6.92012e-08
2.63875e-08
8.05485e-08
5.38288e-09
1.75326e-08
3.38156e-07
0.0100003
1.67694e-08
4.62709e-09
8.13221e-09
2.0602e-09
2.94427e-08
5.24523e-09
1.26825e-08
1.65918e-08
4.24555e-07
1.24389e-08
0.00999973
7.64064e-09
1.23142e-08
1.15699e-08
8.02373e-07
4.91294e-10
1.87028e-08
6.59011e-10
8.78747e-09
1.55886e-09
3.91348e-10
2.05139e-09
4.92257e-09
2.36978e-09
2.18741e-09
1.06553e-07
0.01
2.14583e-08
7.61067e-09
8.2373e-10
1.63267e-09
1.41428e-09
1.57038e-08
4.42007e-09
2.63617e-08
2.92038e-10
1.45579e-09
9.64553e-09
5.45606e-10
2.69329e-08
1.5603e-09
2.86189e-07
1.46076e-08
5.55001e-09
7.59784e-09
5.35719e-09
1.03078e-09
2.46026e-09
0.000125889
5.503e-05
2.17479e-05
2.53055e-05
4.98442e-07
9.91376e-07
6.17115e-06
4.31108e-08
4.28668e-07
0.01
6.81266e-08
7.32785e-08
1.51861e-08
5.1382e-06
1.90514e-06
1.39262e-08
4.77912e-08
1.813e-07
4.56249e-08
1.32749e-08
6.48872e-07
5.05674e-08
9.25943e-08
2.40436e-08
5.00047e-08
0.0100053
1.57793e-06
4.25016e-09
1.47136e-06
1.22679e-08
2.28297e-09
4.488e-09
1.42828e-08
2.85003e-10
2.49139e-09
1.29431e-08
2.8754e-08
2.81646e-07
3.69216e-08
1.0204e-08
2.45256e-09
2.21357e-09
1.12341e-06
3.07628e-07
9.72371e-09
1.10414e-08
2.62846e-08
3.16791e-06
1.55837e-08
0.01
1.52488e-08
6.95552e-09
5.66463e-09
2.12983e-09
1.13208e-07
2.81161e-08
3.56148e-08
1.63842e-09
1.96823e-08
3.38798e-09
5.86313e-09
1.40829e-08
5.24138e-09
3.86906e-09
5.31245e-09
4.28751e-09
3.88245e-09
7.00221e-09
6.23714e-07
0.01
2.58857e-09
2.33824e-09
4.34157e-09
1.10599e-09
7.1715e-09
9.35048e-09
1.54812e-08
1.03409e-06
5.37017e-10
9.28074e-10
2.89733e-08
4.24522e-09
1.73411e-08
1.01257e-09
2.72385e-08
1.06648e-10
2.2822e-08
5.69592e-08
1.35627e-10
0.00999904
8.30544e-10
0.01
6.74113e-09
1.52918e-06
4.00012e-05
3.06926e-06
1.45142e-06
6.4607e-09
2.83174e-07
7.93501e-07
2.06908e-08
6.57801e-08
9.09593e-07
4.99693e-06
1.35742e-05
1.90522e-08
2.87977e-09
5.73778e-09
5.00966e-09
9.69689e-09
1.4515e-07
7.0348e-07
0.02
0.01
2.64936e-07
5.78863e-07
1.07298e-08
1.51641e-07
5.08091e-09
1.83316e-09
2.52786e-07
4.57938e-08
3.94282e-07
2.47765e-09
4.59602e-09
1.17331e-08
4.65467e-08
3.40971e-09
1.07634e-08
1.2837e-08
1.57782e-09
3.34097e-08
4.55187e-10
7.00475e-09
2.78025e-09
9.12911e-09
0.00999998
1.77841e-07
1.45944e-09
4.83196e-09
5.50059e-08
9.11662e-09
1.05477e-08
2.98164e-08
1.31959e-08
7.03646e-06
1.39863e-06
1.11663e-07
6.60973e-08
6.65663e-07
7.10343e-07
2.06923e-07
2.6239e-07
1.34169e-08
0.0100083
8.80429e-08
6.87879e-08
6.4595e-09
1.2989e-07
9.76521e-07
0.01
6.96504e-08
8.67163e-08
3.6179e-09
1.12742e-07
3.40503e-09
2.45599e-08
2.03673e-07
4.95034e-09
1.6525e-08
6.73178e-09
3.50605e-09
2.00891e-09
1.67329e-09
4.1865e-09
0.01
7.20096e-08
2.64083e-09
2.02427e-09
8.853e-07
8.7595e-09
2.05361e-07
2.45121e-08
1.95187e-09
6.66597e-08
5.10761e-09
1.53708e-09
7.30207e-09
1.92785e-08
2.52451e-08
8.95185e-10
1.98038e-09
1.26652e-09
0.01
6.15833e-09
3.6449e-07
6.89996e-10
4.58807e-09
3.42648e-09
6.18351e-08
2.42279e-07
8.25544e-10
5.12529e-09
4.07365e-09
2.78918e-09
2.13324e-09
1.55939e-09
1.87549e-09
3.96769e-09
1.72376e-09
8.43413e-10
5.518e-08
3.98965e-10
0.01
3.55047e-10
2.34169e-09
3.15682e-10
6.21846e-09
1.19735e-09
6.6743e-10
1.24493e-08
1.47182e-08
0.01
5.66368e-09
3.04585e-10
5.46912e-09
0.01
7.91808e-10
1.13539e-10
5.16797e-09
4.78182e-10
4.44043e-09
2.4189e-10
2.14084e-10
6.04346e-09
1.50472e-09
1.0726e-09
9.34578e-10
1.43562e-10
2.83491e-10
8.81694e-10
1.71985e-10
3.12284e-09
5.02742e-10
0.01
1.78257e-08
2.87452e-10
3.12036e-11
5.65484e-10
1.02296e-09
5.23237e-11
4.44409e-11
3.2538e-10
6.8299e-09
0.01
9.3606e-11
1.21923e-09
6.64234e-10
2.58272e-09
1.31945e-10
3.37219e-11
6.83106e-11
1.57926e-10
1.60385e-06
4.78591e-09
3.9616e-06
1.12797e-07
1.42147e-07
6.21661e-08
2.65299e-08
1.00389e-09
2.14932e-09
1.22391e-07
0.01
3.05522e-08
1.01919e-08
3.19952e-08
5.91776e-09
4.25243e-09
1.25152e-07
0.0100001
1.76441e-09
9.16437e-09
3.81015e-09
3.11975e-09
1.51457e-06
3.38384e-09
5.3661e-09
2.73292e-09
0.0100002
3.22913e-08
3.51332e-09
0.02
1.23193e-08
1.21831e-09
1.195e-09
8.76349e-08
6.86746e-09
3.42562e-10
2.2934e-09
4.2225e-08
2.71358e-09
3.73082e-10
3.12111e-09
5.97643e-08
9.03047e-08
1.00261e-09
4.84483e-10
7.9408e-10
6.74306e-10
8.84772e-10
1.02057e-08
1.4357e-07
2.73628e-10
5.18933e-10
3.17456e-09
1.2106e-09
2.11843e-10
0.01
2.20975e-10
8.49995e-10
2.69545e-09
7.74699e-09
1.78881e-08
2.55738e-10
2.43081e-09
9.22831e-11
8.29347e-10
5.67434e-09
1.11166e-09
2.77625e-10
1.43512e-10
6.53656e-10
9.15106e-10
3.93008e-08
5.41355e-10
1.35082e-09
8.3819e-11
3.25774e-10
8.44608e-10
5.01936e-11
0.01
1.91855e-09
4.92114e-10
4.47661e-09
3.03902e-09
5.94548e-10
5.5409e-09
1.99116e-09
6.46633e-10
7.38508e-10
0.01
2.87126e-09
1.25986e-09
6.75328e-09
1.46494e-09
2.13646e-10
7.47282e-10
1.55647e-11
5.31797e-10
6.04921e-09
3.68485e-10
6.58629e-10
3.86279e-10
5.01595e-10
4.09463e-08
4.95375e-09
1.89719e-11
5.52803e-11
9.09231e-10
3.99409e-10
1.18272e-11
1.57581e-09
1.84659e-09
5.97075e-10
2.80993e-11
1.88866e-09
1.97737e-09
1.20381e-09
3.76839e-10
0.01
2.57374e-11
1.53039e-10
2.27396e-10
4.21213e-09
0.01
1.70695e-11
1.4202e-10
2.96888e-11
1.36514e-10
4.09418e-09
3.58257e-11
6.10914e-09
3.24898e-12
1.79895e-10
8.8305e-11
1.94734e-11
4.87033e-10
9.95961e-10
1.65985e-11
5.84774e-11
1.5109e-11
0.01
2.60601e-09
6.64482e-11
5.68784e-10
1.29174e-11
2.51214e-10
9.33926e-13
6.77618e-11
7.51137e-12
5.17425e-10
8.19427e-12
2.35594e-12
7.44035e-11
6.39408e-12
2.10591e-10
5.05831e-11
3.95741e-11
3.11174e-11
3.30288e-10
2.73813e-11
4.83573e-11
3.54363e-11
5.61055e-12
3.95746e-12
9.61605e-12
1.97586e-11
2.45961e-11
8.48778e-12
1.86539e-10
0.02
5.90067e-11
1.29154e-12
7.45545e-12
6.83968e-13
1.20097e-11
3.35426e-11
6.9665e-11
4.49593e-12
1.06579e-11
1.80916e-09
3.77628e-12
2.34141e-11
6.62129e-11
4.18787e-12
1.55578e-11
2.45327e-11
1.77181e-12
5.67049e-13
1.53146e-13
1.44076e-12
9.40186e-12
2.0563e-12
1.55131e-10
6.80562e-12
3.00313e-11
6.80021e-11
1.17744e-11
1.42002e-11
1.20965e-12
1.00499e-11
0.01
0.01
1.60087e-11
3.71811e-12
2.37277e-11
1.50758e-12
0.01
6.05901e-13
3.27806e-11
1.26074e-12
1.31079e-11
9.03168e-12
0.01
1.05956e-11
2.55663e-13
3.84569e-12
1.17763e-12
1.27468e-11
2.54234e-12
2.08323e-09
1.27609e-12
2.72429e-14
2.41986e-13
8.62476e-11
1.99913e-11
3.75258e-12
2.60798e-12
1.82941e-12
1.36223e-13
4.03122e-12
4.98846e-12
1.36003e-12
1.9061e-12
1.34456e-13
1.16322e-12
1.50117e-10
2.31629e-13
3.24226e-13
0.01
4.9264e-14
6.80051e-14
3.9875e-14
1.19007e-14
3.3343e-13
1.61541e-08
2.7235e-12
5.84284e-12
2.19473e-11
7.34976e-12
1.92534e-13
1.98147e-13
1.39217e-13
1.49562e-11
4.34391e-13
1.23977e-11
2.00985e-13
6.46771e-14
5.58996e-13
7.49947e-13
1.44218e-13
0.01
1.88491e-12
2.3205e-12
9.14674e-11
4.7114e-14
8.08072e-13
5.8811e-10
2.42025e-12
3.53638e-08
2.34352e-08
6.33522e-09
1.36243e-09
1.48887e-08
6.08288e-07
1.54766e-08
3.71253e-09
2.62022e-09
7.95973e-11
4.1762e-09
4.69374e-07
3.28908e-10
2.56396e-08
9.17462e-08
1.81023e-10
5.6799e-10
4.05656e-10
5.39622e-08
9.93181e-11
4.31789e-09
1.35153e-08
2.56635e-09
7.09959e-08
0.0100004
2.84635e-10
3.07489e-08
6.30215e-10
1.27279e-09
9.91548e-10
2.69231e-07
7.81139e-10
8.9234e-10
5.05765e-10
3.67011e-09
7.08851e-10
7.82664e-09
7.36012e-09
1.37861e-10
3.46418e-10
9.30769e-10
2.51986e-08
9.09448e-10
5.47909e-10
4.21306e-10
7.388e-10
1.22427e-09
2.47548e-10
7.25743e-09
6.22598e-11
0.01
4.49611e-10
7.47949e-10
4.477e-10
1.56079e-07
2.69904e-09
2.02516e-11
1.87671e-08
3.53122e-10
7.99607e-10
4.80666e-10
3.04336e-09
2.49676e-08
4.30601e-10
4.43828e-10
2.3126e-09
2.01488e-10
2.21343e-10
1.06401e-09
6.98342e-11
3.94625e-10
2.39072e-10
2.52941e-11
3.06026e-09
4.7315e-11
2.79365e-10
4.26194e-11
6.85685e-10
3.29938e-10
1.58344e-10
2.4121e-10
4.48834e-10
2.04392e-08
1.57379e-09
3.02462e-10
5.1193e-11
4.34573e-09
1.90812e-10
4.09067e-10
1.26738e-10
7.16706e-11
7.19694e-11
6.78154e-09
1.82523e-11
2.95315e-09
2.99561e-10
2.19369e-10
5.78561e-10
3.52278e-11
6.82219e-11
1.8645e-10
5.79233e-11
7.83037e-10
2.92355e-11
1.25297e-09
4.91381e-09
4.71821e-10
3.67553e-09
4.1739e-11
1.17657e-09
1.21988e-10
8.4302e-10
1.76503e-11
6.53493e-11
5.65095e-11
1.77813e-11
4.41294e-09
3.5818e-10
0.01
5.42258e-10
3.11942e-10
1.14829e-10
5.08279e-10
1.23644e-11
4.07085e-11
2.09856e-10
3.14845e-10
2.0664e-11
3.93979e-10
8.86825e-11
6.16201e-12
1.198e-10
1.43164e-10
9.00128e-09
1.57092e-09
5.55351e-10
4.54665e-12
1.65635e-10
1.70234e-11
1.96212e-12
3.76357e-12
5.52453e-10
5.41644e-11
5.56284e-10
2.11831e-08
0.0100025
1.8547e-09
2.43385e-05
2.85702e-08
7.59783e-11
1.36983e-08
2.5583e-11
3.98676e-09
9.44982e-11
2.05247e-10
3.01197e-07
5.67842e-09
1.92868e-10
1.26249e-08
2.53233e-09
1.11904e-10
1.04808e-09
7.06995e-11
1.13577e-07
5.5863e-08
0.01
4.59528e-08
2.81635e-08
9.03191e-10
1.21842e-09
1.16319e-10
5.97375e-09
5.1362e-10
2.74314e-09
5.2265e-11
1.08269e-09
5.80891e-12
3.35125e-09
0.00999998
5.37187e-10
2.26532e-10
3.06132e-09
8.70348e-10
0.01
1.17722e-09
1.15693e-11
0.01
2.02457e-10
2.04631e-10
1.12249e-09
1.29456e-09
8.84608e-10
2.68286e-06
1.42761e-10
2.61307e-10
3.3624e-10
3.85961e-10
0.01
9.18283e-10
1.21101e-11
8.06173e-09
4.6665e-09
3.61758e-09
3.03226e-11
4.57722e-09
2.25457e-10
0.01
7.14311e-10
7.14404e-10
4.50622e-10
3.21233e-09
5.61802e-11
9.1458e-11
