0.281807
0.274713
0.279309
0.260209
0.272349
0.276002
0.251982
0.266268
0.252817
0.262594
0.254967
0.258545
0.261755
0.269663
0.266393
0.256034
0.278322
0.252874
0.261985
0.250782
0.257471
0.262409
0.26106
0.272966
0.264535
0.272686
0.263
0.256094
0.265148
0.262439
0.266667
0.266392
0.271766
0.269367
0.256549
0.257283
0.262539
0.258426
0.26057
0.262426
0.269429
0.257361
0.259072
0.258584
0.261228
0.266917
0.257632
0.262416
0.247145
0.265521
0.255296
0.2585
0.255752
0.25599
0.262333
0.260287
0.255842
0.264521
0.268016
0.261689
0.269949
0.274685
0.254448
0.261359
0.263016
0.261214
0.263224
0.251231
0.259724
0.264505
0.265043
0.257814
0.255226
0.266686
0.259272
0.268935
0.264618
0.254783
0.266707
0.257699
0.256402
0.254331
0.252764
0.252361
0.250872
0.256885
0.265918
0.259537
0.256422
0.242033
0.255071
0.25928
0.258962
0.261429
0.260675
0.275696
0.266788
0.26353
0.256924
0.257268
0.251543
0.270706
0.258756
0.258864
0.253915
0.257568
0.250491
0.262708
0.251063
0.263653
0.265019
0.258887
0.264228
0.264578
0.255935
0.262622
0.249915
0.261355
0.27066
0.252454
0.247594
0.259368
0.262319
0.255098
0.262574
0.262293
0.260172
0.247311
0.253397
0.258089
0.252183
0.259178
0.258799
0.264959
0.261028
0.275074
0.255362
0.253408
0.259011
0.260233
0.260967
0.255329
0.248311
0.261182
0.26083
0.263488
0.258612
0.259898
0.266896
0.264402
0.254769
0.254792
0.257093
0.25598
0.24975
0.251544
0.251375
0.243033
0.257553
0.261709
0.252935
0.263759
0.250364
0.256012
0.255201
0.260797
0.255456
0.262388
0.252501
0.257734
0.265495
0.260057
0.257001
0.256928
0.261088
0.262486
0.259929
0.270724
0.263419
0.262454
0.253895
0.265253
0.256766
0.254107
0.270685
0.265478
0.264496
0.24854
0.259428
0.2624
0.259951
0.245593
0.255379
0.266172
0.259061
0.248847
0.254711
0.258678
0.258243
0.254505
0.258738
0.255076
0.263821
0.266213
0.255034
0.244834
0.252968
0.261928
0.24929
0.253908
0.25315
0.264178
0.258085
0.255959
0.247779
0.251437
0.256722
0.245944
0.25588
0.251361
0.26203
0.253542
0.260083
0.251177
0.250214
0.260881
0.25666
0.265663
0.262001
0.247655
0.256816
0.25272
0.258748
0.256566
0.262857
0.249366
0.258357
0.265029
0.25427
0.261613
0.250461
0.240374
0.25967
0.269118
0.255496
0.268684
0.25696
0.246199
0.247919
0.248047
0.251967
0.262582
0.252224
0.264747
0.259087
0.264479
0.252383
0.25384
0.262427
0.261229
0.25189
0.262677
0.250846
0.252084
0.249078
0.249247
0.256261
0.263115
0.260577
0.2506
0.253083
0.250872
0.249082
0.260549
0.263394
0.25042
0.254268
0.253313
0.244592
0.261514
0.258936
0.256669
0.249252
0.258031
0.25062
0.256831
0.261188
0.254071
0.266268
0.259001
0.255718
0.260364
0.253988
0.253251
0.252353
0.254965
0.241859
0.251905
0.258056
0.246602
0.242426
0.25263
0.252943
0.263221
0.255139
0.257898
0.262227
0.255202
0.253004
0.255007
0.264251
0.264453
0.248028
0.253108
0.259392
0.259414
0.255931
0.262357
0.256276
0.2574
0.248297
0.254085
0.250745
0.246297
0.262027
0.253787
0.259239
0.262915
0.251316
0.255989
0.255102
0.25124
0.256209
0.252223
0.248952
0.261834
0.259737
0.260734
0.239848
0.253195
0.251706
0.252657
0.262295
0.250411
0.255527
0.263137
0.255131
0.249893
0.255414
0.251223
0.256721
0.251155
0.249444
0.256347
0.255523
0.245538
0.25418
0.266099
0.247215
0.250046
0.258173
0.254658
0.244678
0.256836
0.2556
0.25343
0.243622
0.252942
0.245928
0.264332
0.249725
0.260271
0.248181
0.250763
0.254825
0.262548
0.250985
0.25505
0.2496
0.253724
0.244279
0.25197
0.267996
0.254827
0.25616
0.248913
0.256053
0.252419
0.258674
0.255075
0.261677
0.267051
0.253359
0.243731
0.242206
0.251776
0.246103
0.244684
0.254267
0.256964
0.251309
0.260142
0.256146
0.25097
0.252192
0.25395
0.253704
0.247547
0.24501
0.267094
0.249692
0.25897
0.254348
0.249829
0.246234
0.256416
0.254548
0.268264
0.252358
0.245122
0.253944
0.241849
0.25629
0.256906
0.251693
0.254647
0.25277
0.251277
0.248984
0.248731
0.245453
0.26038
0.251556
0.251023
0.249115
0.260442
0.245774
0.254327
0.253971
0.243746
0.247162
0.247349
0.244699
0.254441
0.263878
0.257881
0.252216
0.253084
0.24438
0.252353
0.245039
0.244478
0.25071
0.246188
0.260534
0.247515
0.260528
0.257762
0.244069
0.252143
0.256599
0.254263
0.2445
0.247278
0.246382
0.262001
0.254085
0.257692
0.249806
0.242256
0.257752
0.248735
0.244275
0.249299
0.255348
0.248283
0.251231
0.255397
0.254613
0.249856
0.251704
0.255946
0.263287
0.265675
0.240709
0.247994
0.243746
0.257838
0.248621
0.248885
0.245037
0.248586
0.262674
0.247651
0.252892
0.252832
0.246062
0.2511
0.257644
0.253648
0.247338
0.250201
0.24889
0.257537
0.252113
0.254933
0.249011
0.244651
0.24638
0.246518
0.244654
0.245918
0.249121
0.24896
0.252173
0.231363
0.241937
0.236298
0.248096
0.247114
0.245001
0.253585
0.255175
0.243357
0.258387
0.248117
0.252777
0.241984
0.243076
0.254688
0.25719
0.247939
0.25023
0.249946
0.250508
0.246044
0.253519
0.253945
0.234047
0.255706
0.241811
0.256119
0.252104
0.23374
0.250108
0.237326
0.246235
0.260814
0.255048
0.23731
0.262365
0.244853
0.253043
0.250003
0.246981
0.241662
0.258566
0.256345
0.244822
0.248688
0.247864
0.252996
0.250975
0.245992
0.253228
0.24433
0.239517
0.252819
0.242853
0.257603
0.248545
0.245384
0.258056
0.247213
0.249142
0.253424
0.243134
0.25245
0.258567
0.247531
0.251573
0.246821
0.245355
0.24721
0.25222
0.239159
0.260468
0.256037
0.249529
0.257731
0.245274
0.250402
0.24682
0.248765
0.25483
0.243119
0.245498
0.260018
0.249157
0.232674
0.25202
0.252109
0.257328
0.253886
0.252939
0.245209
0.242974
0.253634
0.248489
0.243224
0.248736
0.250537
0.246353
0.249232
0.250295
0.240933
0.247694
0.252798
0.239766
0.254984
0.233373
0.24673
0.246199
0.239287
0.246294
0.243578
0.247598
0.246212
0.252692
0.243798
0.254901
0.24405
0.254836
0.263262
0.245666
0.248997
0.244422
0.245127
0.25843
0.257332
0.240335
0.252372
0.242496
0.244501
0.254165
0.246194
0.24429
0.259878
0.245083
0.243836
0.242399
0.239937
0.252563
0.243947
0.245597
0.245441
0.240836
0.250952
0.249691
0.242039
0.240673
0.241582
0.239364
0.238222
0.251313
0.24603
0.244131
0.241703
0.248934
0.248638
0.240044
0.25173
0.243377
0.239243
0.252017
0.241691
0.250319
0.237723
0.238209
0.254416
0.250635
0.228725
0.255416
0.249594
0.239018
0.245837
0.241466
0.253663
0.237583
0.237236
0.24536
0.238913
0.253709
0.246041
0.234143
0.251721
0.244079
0.245591
0.243695
0.25236
0.241111
0.246729
0.246896
0.252904
0.249716
0.238701
0.24457
0.251352
0.237888
0.249325
0.248216
0.246753
0.245583
0.241805
0.236072
0.23625
0.241519
0.24318
0.245041
0.251
0.240185
0.235863
0.237674
0.240707
0.255501
0.252722
0.238716
0.258552
0.250157
0.251514
0.232913
0.245475
0.235966
0.247535
0.249998
0.248804
0.243199
0.249282
0.247852
0.238873
0.246353
0.253957
0.248731
0.252272
0.248145
0.246278
0.249419
0.258967
0.24109
0.23864
0.247051
0.239293
0.241919
0.245282
0.239059
0.241336
0.245701
0.252696
0.237835
0.238362
0.240031
0.252297
0.231657
0.245422
0.250927
0.247103
0.239344
0.248302
0.239315
0.246506
0.245245
0.23646
0.25471
0.251427
0.243957
0.235733
0.238539
0.238381
0.252973
0.254144
0.251984
0.249754
0.242285
0.2554
0.239457
0.244335
0.24617
0.244656
0.252136
0.240713
0.235787
0.25359
0.247609
0.231353
0.244106
0.244462
0.239945
0.242105
0.236504
0.248352
0.250099
0.237647
0.244046
0.242203
0.232097
0.233723
0.240786
0.23983
0.242066
0.244291
0.238481
0.244272
0.246492
0.247309
0.250669
0.238582
0.254334
0.243503
0.240549
0.238576
0.248478
0.247502
0.229966
0.236454
0.247306
0.235509
0.237554
0.236491
0.236545
0.245721
0.243664
0.231823
0.246794
0.242535
0.234561
0.25191
0.248332
0.243328
0.237378
0.24886
0.242325
0.241113
0.249861
0.238888
0.253178
0.256921
0.232735
0.231674
0.238042
0.236267
0.251345
0.244714
0.239215
0.240283
0.239275
0.24249
0.23756
0.244294
0.228801
0.241921
0.238156
0.24194
0.237671
0.234388
0.23548
0.242989
0.240745
0.232283
0.239893
0.244324
0.239636
0.239026
0.245415
0.246977
0.249756
0.248081
0.243113
0.24635
0.232328
0.240942
0.241512
0.226594
0.250903
0.243748
0.232147
0.252212
0.238735
0.23466
0.222384
0.246624
0.228951
0.230673
0.232596
0.234402
0.24504
0.227813
0.225808
0.241413
0.237882
0.234963
0.231769
0.236324
0.244263
0.239455
0.245016
0.233343
0.230221
0.230743
0.253626
0.235858
0.239366
0.25312
0.242116
0.243669
0.246298
0.238762
0.248994
0.238785
0.234276
0.239368
0.227222
0.245144
0.236226
0.240032
0.234127
0.232778
0.237934
0.246236
0.232564
0.241553
0.235774
0.239761
0.250539
0.236199
0.241558
0.232117
0.24993
0.229567
0.230008
0.244779
0.237575
0.236687
0.236204
0.232053
0.254494
0.241031
0.241955
0.253067
0.22377
0.231196
0.242988
0.242711
0.233279
0.247168
0.238039
0.23984
0.234536
0.231173
0.226818
0.241339
0.228757
0.233529
0.23585
0.23974
0.24765
0.237134
0.240069
0.247533
0.239078
0.238948
0.233878
0.234056
0.246252
0.240721
0.232243
0.239425
0.231377
0.235201
0.241148
0.241667
0.249587
0.224051
0.234524
0.244339
0.239444
0.230546
0.239641
0.239697
0.228377
0.234343
0.22477
0.232601
0.241306
0.249686
0.232326
0.23151
0.236312
0.225741
0.232158
0.23827
