0.416
0.436
0.428
0.508
0.476
0.44
0.532
0.476
0.532
0.508
0.532
0.496
0.504
0.46
0.468
0.556
0.44
0.512
0.496
0.528
0.496
0.508
0.484
0.444
0.48
0.472
0.488
0.52
0.448
0.488
0.488
0.468
0.44
0.456
0.528
0.512
0.496
0.524
0.484
0.464
0.448
0.528
0.536
0.484
0.488
0.472
0.5
0.5
0.568
0.472
0.496
0.5
0.528
0.524
0.496
0.496
0.576
0.472
0.452
0.504
0.44
0.4
0.512
0.5
0.476
0.512
0.496
0.552
0.532
0.48
0.48
0.5
0.508
0.456
0.472
0.488
0.452
0.536
0.452
0.468
0.484
0.508
0.528
0.544
0.556
0.512
0.496
0.52
0.484
0.588
0.512
0.496
0.508
0.476
0.5
0.424
0.472
0.472
0.5
0.48
0.528
0.468
0.484
0.504
0.564
0.476
0.548
0.452
0.552
0.468
0.484
0.492
0.472
0.472
0.528
0.48
0.56
0.496
0.456
0.528
0.548
0.472
0.488
0.512
0.5
0.496
0.508
0.544
0.524
0.48
0.504
0.488
0.46
0.472
0.508
0.408
0.496
0.488
0.484
0.5
0.508
0.488
0.556
0.468
0.444
0.476
0.512
0.52
0.452
0.448
0.488
0.524
0.5
0.48
0.504
0.516
0.528
0.564
0.504
0.484
0.532
0.464
0.496
0.444
0.52
0.476
0.524
0.48
0.492
0.468
0.496
0.48
0.48
0.504
0.496
0.432
0.488
0.44
0.48
0.452
0.5
0.464
0.46
0.52
0.456
0.472
0.468
0.544
0.456
0.492
0.496
0.564
0.484
0.46
0.496
0.544
0.504
0.508
0.52
0.492
0.5
0.472
0.432
0.456
0.5
0.552
0.544
0.464
0.54
0.528
0.548
0.468
0.512
0.512
0.576
0.536
0.504
0.564
0.516
0.552
0.508
0.504
0.468
0.504
0.54
0.48
0.532
0.472
0.456
0.536
0.496
0.528
0.492
0.508
0.488
0.532
0.488
0.476
0.512
0.476
0.54
0.576
0.468
0.468
0.524
0.44
0.472
0.572
0.564
0.532
0.536
0.476
0.52
0.492
0.468
0.484
0.492
0.504
0.484
0.464
0.48
0.484
0.492
0.544
0.548
0.528
0.484
0.476
0.476
0.536
0.524
0.516
0.524
0.484
0.456
0.56
0.508
0.524
0.576
0.468
0.504
0.532
0.548
0.472
0.536
0.504
0.492
0.528
0.424
0.512
0.484
0.476
0.524
0.544
0.536
0.5
0.548
0.532
0.496
0.56
0.604
0.536
0.488
0.496
0.516
0.536
0.5
0.52
0.54
0.512
0.48
0.48
0.552
0.528
0.48
0.488
0.484
0.464
0.52
0.496
0.56
0.508
0.532
0.54
0.448
0.496
0.508
0.476
0.524
0.516
0.468
0.552
0.476
0.484
0.552
0.484
0.496
0.46
0.6
0.54
0.54
0.496
0.488
0.52
0.524
0.468
0.488
0.544
0.54
0.552
0.504
0.536
0.524
0.504
0.524
0.572
0.504
0.464
0.568
0.524
0.496
0.496
0.548
0.456
0.524
0.516
0.56
0.512
0.58
0.46
0.516
0.484
0.524
0.548
0.5
0.448
0.548
0.504
0.532
0.52
0.584
0.54
0.472
0.524
0.524
0.536
0.524
0.512
0.492
0.5
0.484
0.432
0.54
0.548
0.568
0.556
0.54
0.584
0.536
0.504
0.54
0.488
0.5
0.5
0.54
0.524
0.52
0.568
0.568
0.488
0.512
0.484
0.532
0.544
0.564
0.508
0.508
0.456
0.544
0.548
0.48
0.628
0.488
0.52
0.556
0.528
0.508
0.504
0.516
0.568
0.58
0.484
0.556
0.516
0.548
0.488
0.544
0.496
0.5
0.548
0.572
0.548
0.552
0.46
0.5
0.508
0.52
0.528
0.58
0.548
0.568
0.548
0.508
0.58
0.5
0.552
0.46
0.524
0.556
0.504
0.528
0.488
0.568
0.576
0.564
0.472
0.508
0.484
0.508
0.556
0.48
0.56
0.596
0.564
0.512
0.552
0.528
0.52
0.532
0.552
0.54
0.524
0.448
0.444
0.584
0.54
0.572
0.512
0.544
0.548
0.568
0.528
0.54
0.544
0.512
0.496
0.516
0.524
0.504
0.524
0.516
0.528
0.54
0.492
0.532
0.516
0.548
0.58
0.552
0.544
0.564
0.544
0.552
0.5
0.532
0.628
0.58
0.584
0.508
0.548
0.552
0.504
0.492
0.56
0.496
0.564
0.54
0.572
0.54
0.508
0.528
0.544
0.544
0.584
0.536
0.548
0.504
0.516
0.62
0.5
0.58
0.504
0.512
0.632
0.524
0.592
0.568
0.472
0.508
0.572
0.5
0.536
0.56
0.532
0.552
0.564
0.468
0.532
0.568
0.54
0.52
0.528
0.528
0.568
0.52
0.548
0.584
0.496
0.584
0.464
0.56
0.564
0.5
0.608
0.532
0.508
0.576
0.516
0.504
0.568
0.544
0.564
0.576
0.544
0.532
0.576
0.468
0.516
0.54
0.48
0.564
0.54
0.58
0.532
0.504
0.548
0.572
0.476
0.528
0.616
0.532
0.524
0.52
0.524
0.576
0.548
0.548
0.5
0.536
0.572
0.54
0.532
0.524
0.536
0.564
0.576
0.556
0.524
0.612
0.496
0.62
0.556
0.532
0.56
0.54
0.548
0.56
0.576
0.516
0.568
0.504
0.532
0.5
0.484
0.544
0.508
0.604
0.556
0.496
0.508
0.592
0.512
0.54
0.56
0.512
0.556
0.588
0.464
0.564
0.572
0.556
0.576
0.54
0.54
0.576
0.532
0.6
0.548
0.528
0.6
0.564
0.568
0.612
0.588
0.528
0.564
0.592
0.596
0.552
0.536
0.568
0.536
0.588
0.624
0.524
0.552
0.524
0.596
0.608
0.532
0.524
0.656
0.532
0.52
0.612
0.536
0.568
0.504
0.6
0.58
0.564
0.58
0.508
0.524
0.628
0.572
0.56
0.52
0.544
0.52
0.584
0.548
0.524
0.52
0.568
0.556
0.568
0.528
0.588
0.556
0.536
0.544
0.576
0.584
0.608
0.584
0.576
0.56
0.564
0.524
0.612
0.624
0.608
0.576
0.512
0.508
0.592
0.48
0.528
0.516
0.62
0.568
0.612
0.564
0.548
0.528
0.536
0.548
0.528
0.596
0.536
0.52
0.54
0.512
0.528
0.572
0.544
0.48
0.572
0.568
0.524
0.576
0.6
0.54
0.588
0.592
0.528
0.536
0.584
0.604
0.576
0.528
0.596
0.552
0.536
0.524
0.58
0.572
0.576
0.52
0.536
0.608
0.528
0.556
0.564
0.608
0.6
0.588
0.5
0.516
0.54
0.556
0.588
0.516
0.6
0.536
0.544
0.584
0.548
0.528
0.572
0.524
0.5
0.6
0.548
0.528
0.556
0.572
0.564
0.532
0.54
0.584
0.58
0.532
0.62
0.628
0.54
0.564
0.552
0.56
0.604
0.524
0.54
0.524
0.512
0.612
0.512
0.58
0.572
0.616
0.508
0.584
0.608
0.6
0.556
0.584
0.608
0.6
0.572
0.556
0.588
0.636
0.576
0.588
0.608
0.512
0.532
0.54
0.564
0.532
0.572
0.56
0.54
0.616
0.52
0.492
0.64
0.624
0.612
0.612
0.504
0.548
0.552
0.552
0.608
0.58
0.592
0.556
0.636
0.588
0.596
0.576
0.612
0.588
0.584
0.56
0.528
0.64
0.572
0.564
0.548
0.616
0.552
0.52
0.532
0.528
0.528
0.556
0.592
0.596
0.552
0.652
0.512
0.544
0.628
0.524
0.552
0.612
0.672
0.54
0.648
0.62
0.608
0.596
0.54
0.612
0.656
0.576
0.6
0.6
0.576
0.58
0.544
0.572
0.548
0.604
0.648
0.616
0.548
0.592
0.592
0.536
0.528
0.528
0.584
0.572
0.54
0.624
0.62
0.56
0.66
0.568
0.572
0.58
0.624
0.572
0.572
0.536
0.612
0.58
0.608
0.576
0.48
0.58
0.564
0.6
0.508
0.588
0.632
0.572
0.56
0.596
0.596
0.62
0.532
0.564
0.58
0.516
0.64
0.628
0.536
0.58
0.592
0.568
0.592
0.592
0.648
0.624
0.616
0.604
0.656
0.568
0.616
0.568
0.576
0.604
0.58
0.564
0.58
0.552
0.62
0.58
0.516
0.596
0.616
0.588
0.636
0.608
0.596
0.596
0.548
0.636
0.612
0.6
0.596
0.64
0.58
0.568
0.624
0.572
0.616
0.608
0.6
0.524
0.632
0.6
0.6
0.636
0.612
0.572
