0.544
0.464
0.476
0.476
0.444
0.524
0.528
0.58
0.508
0.512
0.452
0.556
0.484
0.536
0.544
0.5
0.556
0.548
0.532
0.504
0.488
0.428
0.532
0.448
0.488
0.54
0.52
0.468
0.524
0.54
0.528
0.488
0.52
0.544
0.632
0.504
0.548
0.552
0.584
0.54
0.548
0.56
0.548
0.516
0.536
0.548
0.56
0.572
0.516
0.564
0.576
0.572
0.576
0.5
0.488
0.62
0.552
0.58
0.572
0.576
0.536
0.66
0.568
0.576
0.564
0.632
0.596
0.568
0.592
0.576
0.584
0.564
0.612
0.56
0.632
0.64
0.62
0.592
0.56
0.6
0.64
0.6
0.616
0.584
0.548
0.676
0.568
0.564
0.564
0.612
0.616
0.6
0.596
0.564
0.616
0.632
0.584
0.616
0.64
0.648
0.648
0.608
0.652
0.652
0.62
0.668
0.664
0.644
0.656
0.64
0.616
0.656
0.64
0.66
0.72
0.684
0.672
0.636
0.608
0.612
0.628
0.636
0.652
0.664
0.752
0.668
0.708
0.68
0.628
0.672
0.636
0.624
0.676
0.66
0.676
0.648
0.652
0.724
0.7
0.664
0.7
0.78
0.7
0.744
0.752
0.68
0.732
0.692
0.716
0.616
0.672
0.66
0.664
0.704
0.768
0.724
0.656
0.74
0.648
0.764
0.708
0.772
0.708
0.656
0.656
0.696
0.712
0.744
0.736
0.648
0.692
0.752
0.732
0.692
0.764
0.656
0.752
0.68
0.732
0.76
0.708
0.764
0.728
0.716
0.652
0.684
0.692
0.756
0.688
0.72
0.724
0.672
0.76
0.72
0.744
0.74
0.696
0.692
0.724
0.728
0.712
0.696
0.72
0.696
0.756
0.696
0.72
0.704
0.696
0.672
0.764
0.748
0.716
0.732
0.704
0.728
0.64
0.708
0.64
0.692
0.772
0.788
0.76
0.748
0.756
0.764
0.656
0.716
0.748
0.672
0.676
0.684
0.732
0.692
0.68
0.716
0.724
0.68
0.744
0.732
0.704
0.708
0.724
0.724
0.724
0.7
0.748
0.724
0.728
0.664
0.712
0.76
0.732
0.752
0.704
0.696
0.768
0.68
0.684
0.728
0.772
0.752
0.668
0.632
0.724
0.748
0.712
0.712
0.66
0.792
0.732
0.728
0.72
0.796
0.688
0.776
0.668
0.74
0.744
0.676
0.74
0.664
0.752
0.756
0.7
0.716
0.772
0.636
0.668
0.788
0.708
0.748
0.728
0.8
0.78
0.684
0.692
0.776
0.684
0.744
0.816
0.756
0.716
0.744
0.776
0.664
0.728
0.656
0.708
0.72
0.668
0.756
0.7
0.716
0.7
0.772
0.768
0.736
0.7
0.756
0.716
0.756
0.672
0.708
0.752
0.728
0.72
0.712
0.768
0.74
0.684
0.712
0.68
0.74
0.752
0.672
0.68
0.732
0.692
0.736
0.828
0.676
0.716
0.68
0.764
0.8
0.708
0.796
0.74
0.708
0.712
0.768
0.732
0.736
0.744
0.704
0.74
0.8
0.756
0.752
0.744
0.756
0.692
0.732
0.612
0.732
0.752
0.728
0.748
0.64
0.696
0.7
0.736
0.712
0.676
0.696
0.708
0.776
0.72
0.78
0.764
0.708
0.672
0.752
0.776
0.76
0.76
0.708
0.684
0.792
0.752
0.728
0.756
0.692
0.748
0.728
0.768
0.752
0.748
0.788
0.764
0.684
0.736
0.828
0.74
0.648
0.672
0.72
0.736
0.644
0.764
0.692
0.688
0.716
0.76
0.764
0.764
0.764
0.708
0.712
0.704
0.752
0.74
0.732
0.728
0.716
0.748
0.72
0.708
0.748
0.708
0.788
0.676
0.7
0.704
0.704
0.764
0.74
0.78
0.724
0.696
0.692
0.768
0.74
0.824
0.732
0.732
0.804
0.812
0.688
0.724
0.744
0.792
0.724
0.72
0.716
0.728
0.736
0.724
0.72
0.772
0.748
0.748
0.672
0.784
0.728
0.652
0.792
0.688
0.684
0.692
0.728
0.72
0.74
0.756
0.744
0.772
0.752
0.808
0.796
0.592
0.772
0.744
0.78
0.708
0.732
0.72
0.78
0.74
0.744
0.716
0.704
0.816
0.708
0.744
0.796
0.7
0.804
0.78
0.836
0.708
0.768
0.744
0.784
0.748
0.744
0.768
0.748
0.756
0.772
0.76
0.784
0.696
0.776
0.784
0.764
0.8
0.696
0.748
0.736
0.792
0.776
0.768
0.792
0.752
0.744
0.8
0.796
0.748
0.712
0.732
0.772
0.7
0.708
0.756
0.744
0.78
0.784
0.768
0.796
0.748
0.72
0.744
0.784
0.736
0.784
0.644
0.704
0.708
0.756
0.744
0.728
0.804
0.804
0.708
0.804
0.748
0.7
0.752
0.74
0.76
0.776
0.824
0.736
0.736
0.812
0.728
0.78
0.828
0.704
0.768
0.736
0.728
0.776
0.744
0.768
0.784
0.804
0.736
0.728
0.74
0.78
0.764
0.776
0.78
0.792
0.768
0.704
0.724
0.788
0.744
0.796
0.752
0.744
0.816
0.792
0.672
0.752
0.78
0.732
0.74
0.724
0.748
0.776
0.716
0.74
0.784
0.784
0.708
0.712
0.76
0.748
0.744
0.756
0.76
0.776
0.804
0.784
0.76
0.82
0.772
0.74
0.752
0.736
0.684
0.776
0.736
0.784
0.704
0.728
0.78
0.812
0.752
0.712
0.72
0.732
0.792
0.784
0.776
0.78
0.844
0.756
0.796
0.72
0.724
0.78
0.728
0.792
0.772
0.784
0.7
0.816
0.736
0.76
0.732
0.776
0.764
0.792
0.78
0.776
0.792
0.704
0.768
0.756
0.78
0.74
0.756
0.76
0.78
0.836
0.788
0.788
0.784
0.764
0.736
0.744
0.824
0.716
0.804
0.728
0.704
0.788
0.752
0.744
0.696
0.748
0.732
0.728
0.716
0.776
0.804
0.732
0.752
0.696
0.764
0.756
0.716
0.732
0.788
0.768
0.788
0.76
0.704
0.796
0.744
0.772
0.732
0.724
0.716
0.76
0.836
0.76
0.788
0.784
0.724
0.724
0.8
0.768
0.8
0.76
0.776
0.756
0.736
0.76
0.736
0.772
0.788
0.732
0.836
0.832
0.8
0.772
0.728
0.672
0.788
0.668
0.78
0.84
0.732
0.74
0.796
0.78
0.664
0.756
0.72
0.78
0.78
0.736
0.836
0.788
0.744
0.824
0.76
0.8
0.808
0.708
0.776
0.772
0.716
0.768
0.732
0.836
0.78
0.732
0.764
0.752
0.784
0.752
0.756
0.8
0.852
0.8
0.788
0.808
0.708
0.732
0.724
0.764
0.728
0.808
0.752
0.74
0.696
0.744
0.804
0.824
0.792
0.8
0.772
0.72
0.76
0.724
0.788
0.788
0.788
0.712
0.836
0.828
0.812
0.816
0.724
0.764
0.756
0.78
0.76
0.812
0.836
0.804
0.788
0.828
0.78
0.792
0.752
0.748
0.812
0.744
0.76
0.696
0.74
0.776
0.776
0.772
0.764
0.76
0.74
0.812
0.78
0.724
0.832
0.748
0.844
0.732
0.828
0.764
0.756
0.736
0.784
0.712
0.792
0.736
0.744
0.732
0.828
0.832
0.76
0.764
0.784
0.728
0.772
0.748
0.736
0.74
0.724
0.76
0.712
0.796
0.808
0.792
0.7
0.848
0.792
0.784
0.848
0.724
0.792
0.844
0.74
0.804
0.768
0.712
0.7
0.784
0.796
0.768
0.736
0.796
0.752
0.788
0.828
0.764
0.792
0.764
0.864
0.716
0.732
0.804
0.804
0.804
0.624
0.804
0.78
0.832
0.784
0.752
0.76
0.8
0.752
0.732
0.788
0.78
0.812
0.78
0.752
0.792
0.796
0.856
0.772
0.776
0.756
0.808
0.796
0.824
0.764
0.828
0.796
0.724
0.768
0.72
0.764
0.736
0.804
0.764
0.856
0.756
0.812
0.784
0.836
0.76
0.844
0.792
0.816
0.804
0.684
0.776
0.708
0.76
0.836
0.768
0.808
0.772
0.752
0.804
0.756
0.764
0.804
0.76
0.792
0.74
0.772
0.792
0.752
0.796
0.704
0.736
0.756
0.784
0.816
0.796
0.728
0.724
0.82
0.784
0.784
0.756
0.744
0.792
0.832
0.744
0.736
0.816
0.756
0.744
0.808
0.824
0.78
0.816
0.76
0.748
0.804
0.756
0.804
0.772
0.764
0.748
0.748
0.78
0.688
0.828
0.756
0.804
0.76
0.808
0.78
0.8
0.768
0.788
0.796
0.84
0.696
0.7
0.816
0.764
