0.254016
0.262233
0.26728
0.265257
0.272927
0.260696
0.262737
0.255451
0.26101
0.261668
0.268265
0.253382
0.257696
0.25763
0.246715
0.262384
0.248469
0.249006
0.253894
0.256418
0.263885
0.268505
0.257687
0.264517
0.252396
0.254711
0.253217
0.25815
0.251501
0.24966
0.254501
0.258209
0.243894
0.241591
0.24007
0.256972
0.246651
0.247756
0.240414
0.248001
0.25373
0.243805
0.251102
0.245647
0.246818
0.240099
0.246633
0.249845
0.247929
0.243795
0.243555
0.240428
0.240119
0.253713
0.259245
0.23898
0.247046
0.240768
0.247456
0.244577
0.248052
0.227134
0.235014
0.23905
0.246476
0.227513
0.239069
0.246227
0.235794
0.239804
0.2364
0.239255
0.241498
0.238555
0.229263
0.226464
0.241742
0.23764
0.241399
0.241593
0.226278
0.232114
0.22807
0.243375
0.253017
0.222642
0.236206
0.23979
0.239707
0.22784
0.228454
0.245995
0.233307
0.247452
0.228588
0.224654
0.238642
0.226439
0.235585
0.228119
0.220187
0.235233
0.223828
0.223967
0.238363
0.21657
0.217288
0.21295
0.21994
0.216572
0.226244
0.222199
0.219449
0.215831
0.214998
0.211016
0.21518
0.221976
0.229107
0.22654
0.231783
0.223868
0.223587
0.219
0.181817
0.218941
0.199891
0.219495
0.223248
0.211174
0.226011
0.236842
0.206977
0.213152
0.211218
0.224968
0.221666
0.18556
0.189456
0.207053
0.196854
0.145778
0.203339
0.187869
0.176429
0.200559
0.187062
0.200478
0.199741
0.231552
0.209061
0.227078
0.209599
0.195755
0.175484
0.196742
0.211058
0.18397
0.219843
0.152582
0.202665
0.169488
0.197569
0.211618
0.223741
0.207851
0.198909
0.172265
0.177787
0.215726
0.200087
0.181776
0.174812
0.193653
0.168728
0.227592
0.172072
0.191133
0.191172
0.179153
0.200523
0.183186
0.183143
0.180483
0.226135
0.205196
0.198446
0.180903
0.205705
0.190475
0.194436
0.21768
0.176532
0.178412
0.184947
0.181073
0.190667
0.210304
0.191548
0.193797
0.198124
0.20626
0.196592
0.201702
0.181804
0.207474
0.192675
0.204152
0.194272
0.207361
0.185032
0.179553
0.186664
0.19147
0.187857
0.187303
0.217026
0.210003
0.233272
0.204653
0.166948
0.154956
0.170138
0.179998
0.166654
0.161144
0.225055
0.173027
0.178388
0.185767
0.223029
0.20026
0.181996
0.203762
0.210535
0.195593
0.177353
0.202445
0.184905
0.165831
0.199197
0.187403
0.201804
0.18531
0.195565
0.20574
0.170961
0.197543
0.193314
0.205497
0.185815
0.174119
0.174598
0.179343
0.194297
0.214076
0.157643
0.208944
0.197138
0.184097
0.169722
0.191408
0.208314
0.228416
0.173391
0.173895
0.198036
0.199722
0.206681
0.153
0.186545
0.199484
0.200599
0.161679
0.20378
0.172548
0.210669
0.179737
0.181986
0.204754
0.173627
0.214621
0.183758
0.169803
0.199051
0.194499
0.172357
0.216181
0.197583
0.148639
0.212544
0.172747
0.176734
0.15885
0.161695
0.226368
0.196665
0.164575
0.182445
0.171669
0.140296
0.180553
0.195086
0.188981
0.157924
0.205106
0.17999
0.236729
0.198719
0.181192
0.210927
0.170913
0.201689
0.179839
0.189411
0.176881
0.161978
0.183015
0.19207
0.161659
0.179476
0.167936
0.206465
0.206474
0.192132
0.179332
0.178491
0.197566
0.157814
0.171951
0.187625
0.197937
0.198008
0.191269
0.175503
0.213902
0.213232
0.177928
0.202158
0.186243
0.139643
0.18988
0.167292
0.177473
0.173255
0.154932
0.21012
0.136471
0.166023
0.19009
0.194678
0.173322
0.195816
0.186231
0.181028
0.18317
0.179709
0.139089
0.167561
0.176671
0.189749
0.173073
0.194206
0.191234
0.22448
0.182796
0.181433
0.205505
0.162823
0.229857
0.208883
0.187988
0.179008
0.190239
0.207556
0.189996
0.190183
0.167399
0.188502
0.167608
0.16235
0.197229
0.225704
0.167735
0.175053
0.170839
0.1739
0.196205
0.188023
0.139582
0.171696
0.190181
0.185153
0.214278
0.169375
0.181313
0.157273
0.172748
0.170898
0.169126
0.153721
0.20462
0.194335
0.1407
0.178945
0.220562
0.213003
0.177817
0.176111
0.235819
0.163953
0.199094
0.198789
0.177945
0.175511
0.181843
0.178059
0.157987
0.19335
0.192631
0.197138
0.169335
0.170406
0.187502
0.179721
0.162124
0.165536
0.200411
0.196039
0.184238
0.199471
0.149998
0.207229
0.192658
0.200518
0.203019
0.166336
0.17599
0.152197
0.182406
0.194946
0.206247
0.160129
0.173003
0.136676
0.181253
0.171715
0.153628
0.152945
0.19253
0.192479
0.18095
0.155716
0.183122
0.190886
0.175925
0.192364
0.168478
0.181719
0.185321
0.156598
0.183524
0.170431
0.211394
0.174775
0.181116
0.206083
0.152198
0.209723
0.188312
0.183809
0.168836
0.173569
0.17461
0.181162
0.177713
0.168629
0.173448
0.158698
0.152246
0.23882
0.162568
0.165289
0.14862
0.204717
0.172782
0.185662
0.163642
0.182323
0.165225
0.184139
0.18117
0.13585
0.18182
0.182445
0.161754
0.191505
0.156871
0.154645
0.136778
0.184361
0.16322
0.177169
0.15226
0.176777
0.172006
0.148122
0.159681
0.17405
0.155427
0.152268
0.151395
0.192236
0.158131
0.156895
0.155382
0.136364
0.182544
0.173468
0.181204
0.143213
0.156629
0.163103
0.154028
0.166445
0.169863
0.145673
0.144205
0.1713
0.182464
0.176754
0.162393
0.208549
0.17536
0.18623
0.179086
0.153312
0.148192
0.157639
0.141813
0.167881
0.180319
0.183033
0.156468
0.17267
0.152523
0.20126
0.179455
0.192653
0.165358
0.181964
0.183104
0.158032
0.136689
0.189398
0.145434
0.163691
0.184195
0.189353
0.167429
0.16838
0.159539
0.140147
0.178058
0.189669
0.150364
0.184695
0.15944
0.132325
0.188612
0.163256
0.170439
0.176628
0.158044
0.174779
0.158008
0.144322
0.134798
0.174233
0.175844
0.177195
0.170778
0.18493
0.162512
0.15795
0.143949
0.173286
0.202559
0.193212
0.15607
0.179694
0.146204
0.160735
0.177859
0.145729
0.147509
0.208059
0.161689
0.15
0.173949
0.183707
0.17342
0.173573
0.148752
0.173434
0.167671
0.162419
0.140286
0.184107
0.196839
0.172819
0.179251
0.180454
0.156801
0.157564
0.154682
0.150792
0.165308
0.155605
0.119409
0.167011
0.184484
0.166385
0.16826
0.219847
0.148978
0.178789
0.147187
0.178934
0.180489
0.163556
0.13601
0.167456
0.177222
0.177135
0.183323
0.161039
0.172893
0.156887
0.156725
0.121584
0.170396
0.152151
0.182233
0.178791
0.160729
0.165285
0.149053
0.152179
0.152694
0.193726
0.143599
0.165908
0.17159
0.186096
0.162123
0.158265
0.156381
0.168177
0.152917
0.150593
0.18066
0.155027
0.170263
0.160989
0.176195
0.16482
0.147475
0.151122
0.129625
0.144394
0.175524
0.152243
0.175254
0.170931
0.181379
0.132035
0.179026
0.152801
0.17727
0.179771
0.148535
0.168911
0.173698
0.195977
0.174669
0.181327
0.182634
0.182993
0.15879
0.153642
0.184253
0.180396
0.207555
0.154701
0.174407
0.180718
0.180983
0.163827
0.148589
0.154392
0.150442
0.184454
0.157786
0.182102
0.165283
0.17979
0.1759
0.178293
0.170432
0.142458
0.156193
0.154149
0.152763
0.175506
0.177319
0.148406
0.167278
0.159642
0.162102
0.160035
0.167396
0.189844
0.136905
0.181936
0.162645
0.159739
0.182229
0.136024
0.128781
0.146696
0.152716
0.182879
0.19649
0.146088
0.221531
0.155228
0.120287
0.17052
0.172539
0.148436
0.144682
0.220614
0.156232
0.176844
0.14779
0.158536
0.178539
0.138851
0.163356
0.170932
0.139005
0.161658
0.146314
0.149182
0.191701
0.140237
0.155638
0.184645
0.150694
0.180741
0.130034
0.154092
0.175989
0.167707
0.172993
0.162022
0.159148
0.170783
0.142165
0.12164
0.141715
0.158653
0.134384
0.191661
0.182837
0.183936
0.163773
0.196666
0.13886
0.170573
0.168139
0.206196
0.177206
0.136014
0.13057
0.147289
0.144361
0.146041
0.191573
0.153221
0.184183
0.149656
0.140498
0.145246
0.197589
0.130354
0.122491
0.137335
0.131274
0.172112
0.155073
0.161367
0.156875
0.170411
0.148514
0.129568
0.14225
0.151535
0.147242
0.170448
0.147028
0.15583
0.188443
0.13093
0.176382
0.160271
0.194852
0.182353
0.154334
0.153923
0.146258
0.152497
0.166286
0.170627
0.137064
0.15904
0.19154
0.128976
0.166455
0.120397
0.159798
0.128916
0.163123
0.154397
0.177268
0.140174
0.20327
0.155518
0.164426
0.17643
0.170546
0.140931
0.134012
0.172457
0.16458
0.15965
0.194878
0.153358
0.163794
0.178621
0.161297
0.177616
0.158211
0.18517
0.151302
0.133961
0.149208
0.190849
0.12274
0.152511
0.146082
0.130652
0.177354
0.150175
0.138059
0.174356
0.151835
0.149837
0.170559
0.195888
0.15538
0.146309
0.152074
0.178568
0.147351
0.170747
0.143544
0.138191
0.150751
0.153037
0.160311
0.111597
0.182175
0.170175
0.136882
0.144084
0.151974
0.230342
0.134387
0.155841
0.141982
0.149989
0.174856
0.165727
0.162762
0.171472
0.173644
0.155266
0.158794
0.14202
0.145784
0.171118
0.157456
0.145917
0.112678
0.156629
0.161998
0.157198
0.150111
0.138295
0.13654
0.151754
0.135938
0.147255
0.166017
0.167587
0.188652
0.166164
0.172702
0.137288
0.169111
0.133075
0.153875
0.140301
0.16206
0.136328
0.163864
0.130115
0.139569
0.140839
0.151312
0.188661
0.14361
0.187769
0.160309
0.135343
0.159139
0.144906
0.169996
0.182269
0.157979
0.170092
0.17262
0.140908
0.177251
0.14512
0.16937
0.163749
0.152542
0.164423
0.159537
0.200061
0.170382
0.164023
0.160228
0.144085
0.146715
0.176772
0.178475
0.133319
0.146198
0.161857
0.164813
0.174953
0.142141
0.129511
0.172595
0.16842
0.129892
0.161438
0.181015
0.147369
0.135887
0.148531
0.125144
0.147105
0.156851
0.146419
0.179573
0.142567
0.147777
0.16773
0.150753
0.173626
0.138111
0.200201
0.127469
0.169692
0.139509
0.16541
0.131933
0.155834
0.142267
0.157603
0.153728
0.15444
0.1361
0.194585
0.183305
0.132204
0.182687
