0.259499
0.262019
0.254846
0.270888
0.248798
0.272356
0.272897
0.255025
0.273357
0.272098
0.261845
0.258764
0.261603
0.253101
0.25727
0.27238
0.256905
0.255417
0.252429
0.254427
0.265361
0.254697
0.250122
0.261504
0.255381
0.252194
0.254322
0.252938
0.262174
0.256204
0.254322
0.259713
0.265495
0.257803
0.250674
0.261906
0.246912
0.254747
0.248505
0.254325
0.261278
0.248551
0.251222
0.253788
0.256972
0.255293
0.249062
0.249785
0.252441
0.245109
0.24963
0.253673
0.250489
0.244736
0.254815
0.238946
0.242454
0.256203
0.258535
0.252597
0.266427
0.238606
0.246773
0.249595
0.238139
0.256827
0.238577
0.24715
0.243489
0.248907
0.249538
0.249054
0.252873
0.259652
0.253607
0.254349
0.253018
0.253891
0.25279
0.259105
0.257455
0.250493
0.247776
0.240688
0.247491
0.258931
0.256395
0.258213
0.242956
0.244141
0.251919
0.253695
0.257871
0.250776
0.238658
0.240347
0.253532
0.242175
0.249568
0.250294
0.247301
0.244979
0.251723
0.238208
0.249934
0.245577
0.260275
0.249516
0.242425
0.24346
0.242642
0.242903
0.249427
0.249032
0.248069
0.247869
0.246939
0.24139
0.253032
0.240439
0.247233
0.235815
0.239016
0.254503
0.243865
0.240679
0.245025
0.256162
0.238293
0.248973
0.248132
0.258682
0.251813
0.247288
0.263612
0.239807
0.24989
0.242678
0.245164
0.240227
0.246673
0.240603
0.255093
0.254685
0.248211
0.241175
0.237313
0.239454
0.255632
0.240158
0.241951
0.246322
0.23682
0.244979
0.232419
0.242627
0.251276
0.260222
0.248468
0.233211
0.246576
0.246183
0.249621
0.242993
0.239344
0.237772
0.243424
0.247868
0.251151
0.240066
0.234319
0.235422
0.248765
0.248248
0.238996
0.238315
0.247496
0.240558
0.243091
0.243814
0.244652
0.23784
0.231267
0.232142
0.254998
0.235502
0.254702
0.256907
0.240944
0.232016
0.235314
0.242132
0.243449
0.234773
0.229902
0.248148
0.243164
0.23313
0.228864
0.244684
0.240087
0.252938
0.244807
0.241406
0.23186
0.237644
0.247809
0.248665
0.235034
0.240338
0.239207
0.253272
0.239441
0.23945
0.239093
0.237022
0.225693
0.225676
0.233468
0.241303
0.241566
0.242425
0.22471
0.244298
0.255755
0.236844
0.237926
0.238119
0.258775
0.238139
0.239245
0.229437
0.227413
0.231794
0.232475
0.238622
0.238066
0.237589
0.232861
0.23521
0.22384
0.236804
0.226873
0.228248
0.244343
0.233996
0.230551
0.233894
0.23932
0.231965
0.224195
0.237509
0.234865
0.228873
0.234929
0.226852
0.256931
0.226916
0.223385
0.226438
0.227152
0.255589
0.241883
0.23729
0.233092
0.240958
0.247786
0.235519
0.229338
0.238195
0.234181
0.238307
0.239402
0.224493
0.218737
0.232585
0.237287
0.218853
0.245638
0.239023
0.22617
0.236774
0.251865
0.22999
0.251907
0.235987
0.223054
0.23364
0.238331
0.239518
0.229243
0.230126
0.217458
0.234085
0.236864
0.232493
0.230626
0.237836
0.24358
0.245923
0.209197
0.230991
0.236312
0.230994
0.240382
0.23887
0.22251
0.230378
0.229995
0.21768
0.229514
0.228442
0.206453
0.222829
0.215284
0.230827
0.225449
0.226488
0.221005
0.238837
0.229553
0.229211
0.221515
0.234582
0.221313
0.218382
0.233479
0.21996
0.205802
0.230202
0.210754
0.219256
0.221474
0.23666
0.242246
0.225132
0.218866
0.221638
0.220009
0.232416
0.218914
0.216209
0.220195
0.226007
0.22497
0.218269
0.213863
0.220798
0.220478
0.202089
0.217789
0.223725
0.214378
0.224261
0.240231
0.220576
0.21957
0.214944
0.224859
0.205762
0.226504
0.207451
0.219788
0.229788
0.214783
0.219742
0.212256
0.215829
0.207238
0.205132
0.222275
0.210624
0.219949
0.200507
0.221543
0.233017
0.219402
0.204877
0.213393
0.217196
0.200168
0.20885
0.210957
0.24304
0.225192
0.231789
0.217186
0.219117
0.22245
0.20522
0.201448
0.190756
0.204466
0.196335
0.221399
0.19958
0.229226
0.210964
0.224406
0.196238
0.198222
0.192333
0.185934
0.215164
0.209096
0.21154
0.197181
0.202063
0.188697
0.210635
0.176243
0.217787
0.206222
0.184582
0.21298
0.203825
0.194793
0.185262
0.179176
0.176359
0.203839
0.214222
0.212013
0.217867
0.199129
0.187559
0.202663
0.223051
0.221828
0.227337
0.203289
0.184688
0.193532
0.211122
0.180499
0.197173
0.184615
0.23535
0.230009
0.210089
0.199497
0.173817
0.215217
0.196571
0.205496
0.189657
0.201869
0.207155
0.231452
0.188506
0.189237
0.203076
0.220545
0.18853
0.214188
0.211341
0.159274
0.189553
0.209041
0.204904
0.177803
0.202296
0.214888
0.199107
0.202479
0.228152
0.19267
0.17492
0.215116
0.200394
0.187901
0.174539
0.181464
0.192014
0.185181
0.202797
0.223429
0.196381
0.184345
0.19678
0.200331
0.225493
0.242171
0.187526
0.182373
0.197851
0.166072
0.195501
0.196005
0.200108
0.185587
0.189395
0.205495
0.217788
0.215404
0.193861
0.188891
0.178943
0.197355
0.184586
0.180241
0.185582
0.19241
0.229103
0.189147
0.179647
0.192846
0.179297
0.190627
0.195047
0.173417
0.207395
0.194205
0.195537
0.159165
0.202899
0.201556
0.234861
0.192123
0.209122
0.242391
0.199991
0.213495
0.154231
0.206156
0.227069
0.203847
0.192301
0.207038
0.197615
0.178607
0.195923
0.19895
0.220648
0.199738
0.210429
0.205596
0.196555
0.181816
0.220558
0.185721
0.185093
0.166465
0.178978
0.190634
0.176762
0.198673
0.176379
0.148921
0.186742
0.205336
0.184534
0.199651
0.206833
0.190787
0.208752
0.189649
0.197082
0.228092
0.208801
0.19242
0.178545
0.187807
0.199683
0.205638
0.208084
0.17139
0.198356
0.196033
0.19144
0.186775
0.201799
0.228636
0.219067
0.179752
0.173936
0.211879
0.202687
0.195478
0.161395
0.18481
0.187855
0.152881
0.182841
0.18433
0.201426
0.175428
0.186061
0.187536
0.200828
0.204214
0.202785
0.199042
0.191047
0.206254
0.194875
0.213359
0.189567
0.159247
0.184759
0.208252
0.213926
0.173322
0.169768
0.194682
0.207667
0.188814
0.229853
0.180554
0.157093
0.167778
0.21977
0.19424
0.18361
0.198675
0.17082
0.229715
0.186103
0.211414
0.164519
0.191256
0.185142
0.211675
0.176757
0.19612
0.18454
0.163008
0.196542
0.194463
0.217136
0.185794
0.200157
0.210445
0.193662
0.154443
0.171959
0.167644
0.205246
0.189225
0.182086
0.201895
0.192702
0.201076
0.205015
0.190517
0.179014
0.162271
0.200424
0.200421
0.191692
0.180328
0.180776
0.195964
0.205715
0.20073
0.217866
0.166753
0.183604
0.200927
0.170414
0.157598
0.189281
0.186895
0.207193
0.194705
0.165735
0.173763
0.212622
0.185603
0.199418
0.212095
0.231082
0.199924
0.199044
0.180137
0.188221
0.214821
0.186393
0.17555
0.188436
0.188994
0.174154
0.154667
0.194943
0.173772
0.205834
0.164135
0.185515
0.183503
0.201716
0.182117
0.18688
0.140655
0.206255
0.177406
0.183059
0.167047
0.21686
0.168417
0.187662
0.185259
0.164578
0.18786
0.181476
0.173038
0.186032
0.200088
0.172955
0.211714
0.18624
0.164537
0.219263
0.232771
0.196581
0.19397
0.174024
0.144996
0.230457
0.207326
0.194388
0.196338
0.192155
0.148613
0.224883
0.185023
0.204092
0.178953
0.189991
0.196486
0.164575
0.190128
0.184804
0.171479
0.167219
0.203806
0.18044
0.179508
0.19283
0.188411
0.155654
0.155256
0.190346
0.180085
0.174781
0.223135
0.178905
0.198836
0.149766
0.225665
0.192943
0.159857
0.177717
0.198132
0.212616
0.182961
0.175464
0.195414
0.196123
0.184491
0.178206
0.225002
0.171163
0.182571
0.175179
0.180125
0.19849
0.147236
0.163954
0.179399
0.15264
0.199497
0.175566
0.184466
0.173213
0.182974
0.166657
0.156803
0.181103
0.146154
0.213777
0.194236
0.167674
0.207404
0.186932
0.17458
0.183379
0.168725
0.175898
0.177668
0.200905
0.183098
0.214044
0.161216
0.19434
0.166097
0.198626
0.193543
0.187722
0.196042
0.172781
0.181195
0.155749
0.189563
0.192456
0.169612
0.200304
0.163906
0.182867
0.180984
0.168393
0.172659
0.168737
0.170888
0.168479
0.196258
0.187267
0.193748
0.175678
0.183395
0.2035
0.215391
0.185327
0.199499
0.188413
0.188617
0.173458
0.175971
0.185225
0.174135
0.185862
0.196317
0.175479
0.193868
0.192967
0.195275
0.1883
0.184493
0.195517
0.198961
0.173913
0.163634
0.180112
0.187481
0.197581
0.196181
0.158061
0.199295
0.189217
0.196921
0.184248
0.185664
0.180624
0.176783
0.173617
0.157856
0.179667
0.182822
0.197991
0.233404
0.196527
0.208586
0.173788
0.215373
0.148614
0.182288
0.204374
0.167534
0.1813
0.175074
0.152382
0.156495
0.188991
0.167141
0.19997
0.191594
0.175272
0.179434
0.199892
0.194252
0.156081
0.201217
0.197965
0.162769
0.214952
0.150029
0.146295
0.159854
0.17832
0.169188
0.218332
0.180397
0.186026
0.158022
0.164807
0.1858
0.181148
0.212557
0.175372
0.164071
0.183532
0.194534
0.193177
0.241828
0.168839
0.172245
0.179848
0.170887
0.18073
0.182227
0.177943
0.170188
0.170438
0.189608
0.207341
0.187354
0.172383
0.142437
0.198231
0.148982
0.169073
0.188748
0.209776
0.16879
0.155587
0.204555
0.166828
0.195269
0.213067
0.188613
0.207693
0.194814
0.180595
0.166937
0.170293
0.188365
0.170782
0.202275
0.149768
0.164838
0.183003
0.173706
0.169334
0.185771
0.172078
0.177873
0.156231
0.197984
0.190707
0.161951
0.20563
0.180153
0.192942
0.161058
0.195965
0.201399
0.200751
0.175413
0.213641
0.185348
0.149555
0.168304
0.19593
0.154476
0.181739
0.204541
0.16682
0.173693
0.192736
0.176719
0.166751
0.166961
0.169495
0.148078
0.175867
0.183659
0.149731
0.179232
0.183216
0.149059
0.199817
0.173539
0.183663
0.152929
0.180209
0.209682
0.18418
0.162859
0.182995
0.205822
0.171729
0.156171
0.164932
0.172564
0.194738
0.191302
0.167832
0.201723
0.166182
0.183142
0.161982
0.183599
0.162008
0.190072
0.174948
0.164787
