0.512
0.504
0.504
0.472
0.552
0.516
0.488
0.56
0.496
0.476
0.516
0.54
0.504
0.504
0.504
0.456
0.5
0.52
0.572
0.516
0.448
0.568
0.564
0.496
0.584
0.524
0.524
0.508
0.512
0.472
0.508
0.464
0.472
0.512
0.564
0.5
0.508
0.54
0.584
0.504
0.528
0.508
0.524
0.552
0.52
0.536
0.544
0.504
0.524
0.588
0.58
0.504
0.576
0.576
0.532
0.604
0.548
0.508
0.516
0.528
0.484
0.58
0.568
0.572
0.552
0.504
0.564
0.556
0.556
0.564
0.512
0.54
0.524
0.472
0.54
0.516
0.52
0.496
0.496
0.484
0.508
0.572
0.52
0.604
0.536
0.504
0.528
0.496
0.56
0.552
0.516
0.524
0.496
0.528
0.568
0.584
0.544
0.572
0.54
0.552
0.552
0.556
0.54
0.584
0.524
0.54
0.492
0.552
0.572
0.568
0.604
0.58
0.528
0.516
0.556
0.524
0.548
0.584
0.512
0.588
0.572
0.604
0.588
0.52
0.564
0.588
0.56
0.524
0.584
0.508
0.56
0.492
0.516
0.588
0.488
0.56
0.56
0.552
0.568
0.532
0.54
0.556
0.544
0.536
0.52
0.572
0.636
0.6
0.512
0.58
0.58
0.564
0.584
0.54
0.64
0.548
0.536
0.496
0.548
0.62
0.568
0.544
0.544
0.56
0.588
0.62
0.532
0.54
0.536
0.568
0.592
0.588
0.544
0.532
0.564
0.568
0.576
0.568
0.588
0.564
0.568
0.604
0.628
0.628
0.524
0.628
0.548
0.504
0.572
0.596
0.62
0.596
0.592
0.58
0.604
0.572
0.556
0.592
0.612
0.584
0.608
0.504
0.56
0.596
0.604
0.58
0.512
0.544
0.596
0.584
0.572
0.536
0.576
0.572
0.6
0.596
0.636
0.64
0.656
0.568
0.56
0.548
0.624
0.58
0.504
0.632
0.596
0.56
0.464
0.6
0.56
0.62
0.632
0.616
0.612
0.58
0.592
0.564
0.6
0.592
0.648
0.588
0.628
0.652
0.576
0.6
0.624
0.616
0.592
0.624
0.66
0.572
0.584
0.604
0.6
0.636
0.484
0.644
0.64
0.608
0.628
0.512
0.592
0.576
0.624
0.552
0.536
0.636
0.616
0.58
0.616
0.556
0.616
0.656
0.688
0.624
0.6
0.672
0.54
0.556
0.684
0.6
0.544
0.64
0.532
0.592
0.632
0.608
0.596
0.604
0.62
0.64
0.648
0.608
0.584
0.572
0.628
0.596
0.568
0.58
0.684
0.604
0.608
0.624
0.588
0.576
0.672
0.616
0.592
0.672
0.62
0.644
0.672
0.656
0.668
0.628
0.668
0.652
0.616
0.588
0.688
0.604
0.648
0.616
0.656
0.664
0.64
0.672
0.712
0.608
0.704
0.66
0.664
0.62
0.58
0.616
0.632
0.636
0.628
0.632
0.6
0.644
0.66
0.612
0.624
0.652
0.68
0.652
0.632
0.724
0.688
0.64
0.64
0.672
0.604
0.66
0.624
0.644
0.624
0.672
0.636
0.688
0.66
0.636
0.644
0.668
0.664
0.648
0.664
0.668
0.644
0.68
0.628
0.708
0.684
0.64
0.688
0.672
0.672
0.644
0.724
0.68
0.672
0.588
0.656
0.62
0.62
0.64
0.62
0.672
0.672
0.736
0.704
0.668
0.636
0.724
0.636
0.66
0.652
0.724
0.728
0.72
0.748
0.676
0.708
0.648
0.708
0.696
0.7
0.66
0.768
0.64
0.66
0.736
0.676
0.688
0.708
0.732
0.768
0.752
0.668
0.68
0.676
0.664
0.696
0.708
0.704
0.668
0.652
0.624
0.684
0.736
0.7
0.68
0.716
0.724
0.696
0.596
0.64
0.672
0.724
0.732
0.692
0.716
0.672
0.704
0.664
0.7
0.648
0.728
0.74
0.684
0.668
0.728
0.712
0.672
0.788
0.696
0.688
0.68
0.748
0.684
0.68
0.688
0.716
0.644
0.712
0.74
0.684
0.668
0.748
0.756
0.724
0.696
0.72
0.696
0.664
0.748
0.728
0.716
0.712
0.628
0.612
0.704
0.76
0.712
0.744
0.708
0.712
0.688
0.748
0.716
0.688
0.684
0.676
0.712
0.716
0.772
0.672
0.736
0.748
0.704
0.716
0.632
0.704
0.768
0.688
0.732
0.708
0.712
0.756
0.676
0.736
0.704
0.776
0.688
0.688
0.608
0.708
0.704
0.604
0.684
0.692
0.796
0.672
0.652
0.712
0.728
0.724
0.676
0.784
0.724
0.7
0.66
0.708
0.7
0.684
0.74
0.748
0.656
0.716
0.732
0.748
0.72
0.724
0.752
0.708
0.748
0.82
0.732
0.692
0.704
0.704
0.716
0.688
0.676
0.72
0.7
0.648
0.692
0.716
0.744
0.752
0.688
0.676
0.672
0.752
0.7
0.712
0.704
0.752
0.668
0.644
0.672
0.736
0.752
0.64
0.664
0.72
0.768
0.728
0.74
0.788
0.732
0.72
0.704
0.76
0.7
0.696
0.692
0.676
0.688
0.712
0.708
0.704
0.736
0.688
0.7
0.788
0.708
0.688
0.696
0.756
0.74
0.708
0.672
0.704
0.676
0.74
0.76
0.756
0.64
0.724
0.724
0.696
0.752
0.66
0.716
0.668
0.752
0.732
0.724
0.648
0.748
0.72
0.728
0.776
0.68
0.72
0.636
0.728
0.704
0.672
0.716
0.78
0.744
0.744
0.656
0.72
0.732
0.696
0.748
0.672
0.676
0.7
0.744
0.78
0.7
0.716
0.696
0.74
0.72
0.704
0.672
0.724
0.668
0.752
0.724
0.684
0.752
0.788
0.716
0.728
0.68
0.724
0.78
0.728
0.688
0.736
0.704
0.672
0.628
0.716
0.72
0.756
0.72
0.676
0.728
0.756
0.704
0.74
0.736
0.808
0.716
0.776
0.704
0.752
0.728
0.744
0.684
0.744
0.716
0.82
0.676
0.764
0.712
0.792
0.664
0.756
0.744
0.708
0.764
0.724
0.736
0.74
0.728
0.704
0.756
0.676
0.676
0.772
0.66
0.644
0.716
0.692
0.736
0.8
0.616
0.704
0.688
0.716
0.716
0.804
0.588
0.724
0.708
0.716
0.728
0.72
0.772
0.696
0.696
0.74
0.752
0.684
0.756
0.736
0.712
0.736
0.776
0.804
0.724
0.764
0.736
0.644
0.756
0.724
0.804
0.672
0.72
0.796
0.768
0.724
0.684
0.716
0.736
0.74
0.728
0.724
0.752
0.644
0.76
0.72
0.744
0.696
0.7
0.792
0.768
0.736
0.76
0.676
0.74
0.724
0.788
0.728
0.772
0.784
0.744
0.796
0.68
0.692
0.748
0.696
0.736
0.768
0.76
0.756
0.744
0.736
0.676
0.716
0.68
0.784
0.684
0.756
0.68
0.712
0.68
0.716
0.8
0.72
0.792
0.716
0.716
0.76
0.668
0.776
0.724
0.716
0.768
0.744
0.768
0.748
0.748
0.708
0.72
0.7
0.748
0.724
0.684
0.696
0.732
0.728
0.72
0.708
0.764
0.716
0.74
0.74
0.7
0.696
0.724
0.72
0.72
0.696
0.712
0.716
0.716
0.704
0.76
0.752
0.752
0.768
0.704
0.684
0.808
0.704
0.676
0.692
0.76
0.764
0.74
0.76
0.756
0.768
0.748
0.74
0.712
0.636
0.712
0.696
0.724
0.668
0.792
0.704
0.716
0.768
0.7
0.744
0.772
0.768
0.696
0.772
0.72
0.696
0.78
0.716
0.704
0.692
0.748
0.72
0.696
0.76
0.688
0.768
0.8
0.76
0.716
0.728
0.688
0.764
0.712
0.792
0.776
0.74
0.712
0.66
0.716
0.756
0.748
0.72
0.752
0.656
0.732
0.752
0.744
0.784
0.748
0.74
0.752
0.764
0.764
0.724
0.7
0.696
0.716
0.816
0.708
0.8
0.752
0.728
0.66
0.748
0.788
0.684
0.772
0.68
0.652
0.728
0.632
0.704
0.704
0.756
0.74
0.716
0.736
0.676
0.78
0.76
0.728
0.776
0.756
0.736
0.772
0.768
0.736
0.724
0.724
0.776
0.72
0.752
0.704
0.776
0.696
0.692
0.696
0.736
0.644
0.708
0.784
0.76
0.676
0.784
0.696
0.696
0.784
0.748
0.732
0.732
0.748
0.772
0.732
0.796
0.728
0.74
0.8
0.712
0.748
0.796
0.684
0.76
0.72
0.768
0.736
0.66
0.708
0.756
0.724
0.684
0.736
0.804
0.772
0.724
0.724
0.68
0.716
0.676
0.772
0.752
0.812
0.724
0.784
0.716
0.716
0.736
