0.488
0.536
0.684
0.44
0.468
0.78
0.776
0.824
0.772
0.836
0.828
0.788
0.888
0.856
0.78
0.92
0.84
0.852
0.908
0.948
0.952
0.904
0.916
0.932
0.928
0.892
0.952
0.908
0.948
0.928
0.992
0.96
0.928
0.944
0.96
0.908
0.976
0.992
0.968
0.968
0.952
0.952
0.984
0.992
0.976
0.96
0.984
0.944
0.936
0.944
0.984
0.992
0.976
1.0
0.984
0.992
0.992
1.0
0.992
0.992
0.952
0.968
0.984
0.984
0.992
0.976
0.976
0.992
0.992
0.984
0.984
0.984
1.0
0.992
0.968
1.0
0.984
0.992
0.992
0.984
0.984
0.984
0.992
0.992
0.992
0.984
1.0
0.992
0.984
0.984
0.976
0.976
0.984
0.976
0.984
0.984
0.992
1.0
0.992
1.0
0.992
0.992
0.984
0.992
0.984
0.992
1.0
0.992
0.992
0.968
0.976
0.984
0.976
1.0
0.968
0.976
0.984
0.992
0.984
0.968
0.992
0.984
0.992
0.976
0.976
0.992
0.992
0.992
0.992
0.984
1.0
0.984
0.984
0.968
0.984
1.0
1.0
0.992
0.976
0.984
0.992
0.984
0.992
0.992
0.992
1.0
0.992
0.992
1.0
0.96
0.992
1.0
0.984
0.984
0.976
0.992
1.0
0.984
1.0
1.0
0.992
0.976
0.992
1.0
0.992
0.976
0.984
0.984
1.0
0.984
0.984
0.992
1.0
0.984
0.976
0.984
0.992
0.984
0.976
0.976
0.984
0.992
0.96
0.976
0.984
0.992
1.0
0.976
0.984
0.984
0.992
0.984
0.984
0.992
1.0
0.976
0.992
0.984
1.0
1.0
0.992
0.968
0.968
0.992
0.976
0.968
0.976
0.984
0.976
0.984
1.0
0.984
0.976
0.952
0.992
1.0
0.992
0.96
0.992
0.984
0.984
0.984
0.968
0.96
0.984
0.976
0.992
0.992
0.984
1.0
0.992
1.0
1.0
1.0
0.992
1.0
1.0
0.992
1.0
0.984
0.968
0.992
0.992
1.0
0.976
0.984
0.976
0.984
0.984
0.976
0.984
0.984
0.992
0.984
0.984
0.968
1.0
0.952
0.976
0.984
0.976
0.992
0.992
0.96
0.992
0.992
0.984
0.992
0.976
0.992
1.0
0.992
0.976
0.976
0.992
0.992
0.992
1.0
0.984
1.0
0.952
0.976
0.992
0.992
0.984
0.976
0.992
0.96
0.992
0.984
0.984
0.992
0.992
0.984
0.992
0.976
0.976
0.984
0.992
0.984
0.984
0.992
0.984
0.992
1.0
0.992
0.984
0.968
0.984
1.0
0.992
1.0
0.984
0.992
1.0
0.976
0.968
1.0
0.992
0.976
1.0
0.984
0.992
1.0
1.0
1.0
0.96
0.976
0.992
0.976
0.976
1.0
0.976
0.992
0.984
0.984
0.96
0.992
0.984
0.992
0.992
0.992
0.976
0.992
0.984
0.984
1.0
0.976
0.992
0.984
0.992
0.96
1.0
1.0
1.0
0.976
0.984
0.992
0.984
0.992
0.992
0.984
0.992
1.0
1.0
0.992
0.984
1.0
0.984
0.976
1.0
0.976
0.984
0.984
0.992
0.968
1.0
0.984
0.984
0.976
0.984
0.984
0.992
0.976
0.992
0.976
1.0
1.0
1.0
0.992
0.992
0.984
0.992
0.992
0.984
0.992
0.992
0.992
0.96
1.0
1.0
1.0
0.992
0.968
0.976
0.976
0.976
1.0
0.984
1.0
1.0
0.968
0.984
0.976
0.992
0.976
1.0
0.984
0.976
0.984
0.992
0.992
0.968
0.992
1.0
0.976
0.992
0.992
0.984
0.992
0.984
0.984
1.0
0.992
1.0
0.984
1.0
0.976
0.992
0.968
0.992
1.0
0.984
0.984
0.992
0.992
0.96
0.992
0.984
0.968
0.992
0.992
0.992
1.0
0.992
0.976
0.992
1.0
0.976
0.984
0.984
0.992
0.992
1.0
0.992
1.0
0.976
1.0
0.992
0.992
0.984
0.976
0.976
0.984
0.976
0.992
0.984
0.976
0.984
1.0
0.992
0.968
0.976
0.992
0.968
0.976
1.0
1.0
0.992
0.984
0.976
1.0
0.992
0.968
0.992
0.984
1.0
0.984
1.0
0.976
0.976
0.992
0.992
0.984
0.992
0.984
0.992
0.984
1.0
1.0
0.992
0.976
1.0
1.0
0.984
0.976
0.984
0.984
0.968
1.0
0.976
0.976
0.992
0.992
0.992
0.984
0.976
1.0
0.976
0.968
0.976
0.992
0.992
1.0
1.0
1.0
0.984
0.968
0.992
0.984
0.992
0.984
1.0
1.0
0.976
0.984
0.992
0.976
0.992
0.968
0.96
0.992
0.992
0.992
0.992
0.992
0.984
0.984
0.984
0.984
0.984
0.976
1.0
0.976
0.992
0.976
0.976
0.992
0.992
0.984
0.992
0.976
0.984
0.992
0.968
0.976
0.976
0.984
0.992
0.984
1.0
0.976
0.968
1.0
0.992
1.0
1.0
0.992
1.0
0.984
1.0
0.992
0.976
0.984
0.984
0.992
0.992
0.992
1.0
1.0
0.984
0.992
0.992
0.976
0.976
0.976
0.992
0.992
0.976
0.992
0.992
0.984
1.0
1.0
0.992
1.0
0.992
1.0
0.992
1.0
0.992
1.0
1.0
0.984
1.0
1.0
0.984
1.0
0.992
0.992
0.984
0.992
1.0
1.0
1.0
1.0
0.992
0.984
0.992
0.976
0.984
0.992
0.976
0.984
0.952
0.984
0.984
0.992
1.0
0.984
0.984
0.992
0.944
0.984
0.976
0.984
0.992
1.0
0.984
0.992
1.0
0.968
0.984
0.992
0.984
0.992
0.976
1.0
0.992
0.968
1.0
0.984
0.984
0.984
1.0
0.968
0.992
0.984
0.984
0.984
0.992
0.992
0.984
0.984
0.992
1.0
1.0
0.992
1.0
0.992
0.984
0.968
0.992
1.0
0.992
0.968
0.984
0.984
1.0
0.976
0.968
0.992
0.992
0.992
0.992
0.992
0.992
0.992
0.992
0.992
0.976
1.0
1.0
1.0
1.0
0.984
0.992
0.984
0.992
0.992
0.992
0.968
1.0
0.976
0.992
0.992
1.0
1.0
0.984
0.992
0.976
1.0
1.0
0.992
0.984
0.992
0.976
1.0
0.968
1.0
0.992
1.0
1.0
0.992
0.992
0.976
0.992
1.0
0.968
0.992
0.992
0.984
0.976
0.984
0.992
1.0
0.992
0.992
0.984
0.984
1.0
0.984
0.968
0.992
0.992
0.992
0.992
0.992
0.984
1.0
0.976
0.992
0.992
0.992
0.984
0.976
0.976
0.984
1.0
1.0
0.992
0.992
1.0
0.976
0.984
0.984
0.992
0.976
0.96
0.992
0.968
1.0
0.992
1.0
0.984
0.992
0.992
0.984
1.0
1.0
1.0
0.984
0.984
0.984
0.992
0.992
0.984
0.992
1.0
0.992
0.984
0.984
1.0
0.984
1.0
1.0
0.984
0.992
0.976
0.968
1.0
0.992
1.0
0.984
0.992
1.0
0.992
0.992
1.0
0.976
0.992
0.984
1.0
0.992
0.992
0.992
0.992
0.976
0.992
0.976
0.992
0.984
0.992
0.984
1.0
0.992
0.992
1.0
0.984
0.968
0.992
0.992
0.992
0.984
0.976
0.992
0.976
0.976
0.976
0.992
1.0
1.0
0.984
1.0
0.976
0.984
1.0
0.992
0.984
0.984
0.984
0.992
0.984
1.0
0.984
0.992
1.0
0.976
0.992
1.0
0.976
0.984
0.992
1.0
1.0
0.976
1.0
0.984
1.0
0.96
1.0
0.984
0.992
0.992
1.0
0.984
0.984
1.0
0.976
0.976
0.992
0.976
0.992
0.96
1.0
0.984
0.992
0.984
1.0
0.984
0.992
0.984
0.984
0.968
0.992
0.992
0.984
0.984
0.984
1.0
1.0
0.984
1.0
0.968
0.992
0.992
1.0
0.992
0.992
0.984
1.0
0.984
0.984
1.0
1.0
0.992
0.992
0.984
1.0
0.992
0.992
0.984
0.944
0.976
0.992
1.0
0.976
0.984
0.976
0.984
0.976
0.984
0.992
0.992
0.992
0.992
0.992
0.976
0.984
0.992
0.992
0.984
0.984
1.0
0.992
0.96
0.992
0.992
0.968
0.976
0.976
0.992
0.984
0.984
0.976
0.976
0.96
0.992
0.976
0.992
0.992
0.992
1.0
0.992
0.992
1.0
0.96
0.984
0.976
1.0
0.984
0.992
0.976
0.984
0.976
0.984
0.984
0.992
0.976
0.984
0.984
0.984
0.976
