0.261301
0.250306
0.198808
0.268852
0.265974
0.156365
0.160433
0.130706
0.153147
0.106343
0.128073
0.160297
0.0828385
0.112338
0.141649
0.0743182
0.133583
0.107494
0.0705729
0.0521735
0.0405511
0.0753576
0.0735313
0.0594154
0.0554218
0.0805901
0.0509918
0.0782656
0.0362421
0.0535279
0.00926151
0.0387352
0.063781
0.0436726
0.0441948
0.0798044
0.024769
0.0102419
0.0301419
0.0328861
0.0347069
0.0487481
0.0197958
0.0104256
0.0247704
0.0293806
0.0181677
0.058068
0.0549838
0.0387355
0.0160571
0.00814132
0.0240397
6.66693e-05
0.0188234
0.0109406
0.00807929
0.000146067
0.0080046
0.00842933
0.0481046
0.0307669
0.0160589
0.0160489
0.0092822
0.024029
0.0223194
0.00316245
0.00843694
0.0108358
0.0148122
0.0160604
5.08048e-05
0.00848187
0.0353795
6.35273e-05
0.0160162
0.00803734
0.00800779
0.0160255
0.0162827
0.0160013
0.00818662
0.00802053
0.00802087
0.0164438
4.65808e-05
0.00801035
0.0160078
0.0160089
0.0240022
0.0241992
0.0160115
0.0240902
0.0162532
0.016003
0.00807691
7.52366e-06
0.00826326
8.68031e-07
0.0080049
0.00800003
0.0160184
0.00801988
0.0160036
0.00801084
6.1493e-05
0.00822989
0.00801807
0.0320032
0.0240103
0.016008
0.0240032
7.86379e-06
0.0323163
0.0240016
0.0160084
0.00799492
0.0160256
0.0320168
0.0080006
0.0160188
0.00747031
0.0240619
0.0240007
0.00800004
0.00800064
0.00800022
0.00806276
0.0160005
1.36003e-06
0.016
0.016321
0.0319995
0.0160002
5.36104e-08
4.85164e-07
0.00800872
0.0240025
0.0160419
0.00861507
0.0160011
0.0080009
0.00800137
0.00800028
8.01376e-06
0.00799345
0.00800026
8.43313e-06
0.0400008
0.00800284
1.28778e-09
0.0160001
0.0160001
0.0240033
0.00800017
1.14909e-06
0.0160001
1.44072e-06
6.34654e-08
0.0080001
0.0240028
0.00800162
2.59074e-08
0.00801394
0.0240001
0.0159988
0.0160024
7.6977e-10
0.0159998
0.0160001
0.00803774
1.27704e-08
0.0160013
0.0240252
0.0160023
0.00800065
0.0160278
0.0240001
0.0240002
0.0160007
0.00800037
0.04
0.0240001
0.016
0.00806082
3.29671e-08
0.024
0.016
0.0160002
0.00799904
0.0160428
0.0161999
0.0080001
1.71933e-08
0.0240002
0.00800006
0.016008
3.88883e-07
1.20715e-07
0.00800557
0.032
0.0320154
0.00800001
0.024
0.032
0.024
0.0160435
0.0240024
0.0160001
5.79832e-09
0.0160035
0.0240001
0.048
0.0080008
3.90877e-06
0.00800006
0.0400001
0.00800075
0.0160001
0.0160013
0.016
0.0320003
0.0400002
0.016
0.024
0.00800004
0.008
0.0160058
1.28892e-09
0.008
1.34171e-07
1.82126e-05
9.42712e-08
0.00800007
6.14865e-08
3.03052e-07
0.008
7.89602e-08
0.0160006
0.032
0.00800003
0.00799999
1.65311e-08
0.024
0.0160005
0.024
0.016
0.016
0.024
0.016
0.016
0.00808048
0.0160002
0.016
0.032
7.72929e-08
0.048
0.024
0.0160042
0.0240056
0.00800002
0.00800005
0.0399999
0.00799965
0.008
0.016
0.00800001
0.024
0.00800034
1.51615e-07
0.00800055
0.0240001
0.024
0.0060413
0.008
0.00800004
9.19304e-09
0.016
4.93131e-07
0.048
0.024001
0.00800002
0.0080361
0.016
0.024
0.00800025
0.04
0.008
0.016
0.016
0.008
0.008
0.0159989
0.008
0.024
0.0240004
0.016
0.008
0.0160001
0.016
0.00800003
0.016
0.008
7.7463e-08
0.008
0.016
0.032
0.016
2.99078e-09
0.0080045
9.8946e-08
0.0160048
0.00800001
1.36427e-07
0.024
0.032
1.15724e-09
0.008
0.024
3.14746e-05
0.016
0.00800005
6.33111e-10
8.14865e-09
6.8706e-06
0.0399997
0.0240002
0.00800002
0.024
0.0240004
1.80388e-08
0.024
0.008
0.016
0.0165976
0.0400044
0.008
0.016
0.00800241
0.00800365
0.00800025
0.024
0.00800002
0.016
0.016
1.42906e-08
0.024
0.00799994
0.016
0.008
0.04
4.86963e-10
1.4836e-08
4.00075e-11
0.024
0.016
0.008
0.016
0.008
0.0080005
0.016
0.008
1.54361e-10
3.01752e-09
0.00800003
0.016
2.62064e-06
0.016
0.0240036
3.0797e-06
0.024
0.016
0.0160004
0.00800013
0.0320007
2.24543e-11
0.0160002
0.016
0.0240005
0.016
0.016
0.00800031
0.024
0.008
0.024
4.96935e-08
7.58809e-13
3.38564e-09
0.00800004
0.008
0.016
0.008
0.00800004
0.016
0.008
0.0080001
0.00800001
0.0399999
3.98827e-06
1.07859e-07
3.74724e-10
0.00800003
0.032
0.024
0.024
0.024
3.72504e-11
0.016
9.87913e-08
1.52011e-08
0.032
0.016
0.024
0.00799998
0.0240354
3.07009e-09
0.016
0.024
0.016
0.008
0.00800001
0.032
0.00800002
3.50429e-07
0.0240002
0.008
0.008
0.016
0.008
0.016
0.016
1.74928e-10
0.00800006
3.00788e-08
0.016
2.91725e-10
0.024
0.00800001
0.032
0.00800001
5.08505e-07
0.016
0.016
0.008
0.008
0.04
0.00800192
0.016
0.032
0.00800001
0.008
0.008
8.40911e-07
0.00800177
0.024
0.008
5.038e-12
0.024
0.016
0.016
0.008
0.008
3.35578e-10
0.00800213
9.45807e-09
0.024
4.82257e-10
0.00927069
0.00800001
0.016
0.024
0.0240079
0.016
0.024
0.008
0.016
0.024
0.0160031
5.92255e-12
0.008
0.032
0.024
0.008
0.032
0.024
7.82462e-11
1.90022e-09
0.00800001
0.016
0.024
5.67562e-10
0.008
0.032
0.008
0.0160001
1.00927e-10
0.016
1.57074e-07
0.024
0.024
0.008
0.008
0.016
0.008
0.016
0.00800001
0.016
3.63441e-11
3.47017e-14
0.008
0.024
1.90746e-09
5.51436e-12
0.016
0.0240037
0.016
0.016
0.032
1.48434e-11
0.024
0.024
0.008
0.008
0.008
0.016
0.024
1.47173e-08
0.024
0.032
0.024
0.008
0.008
3.1472e-12
3.60507e-09
2.18324e-08
0.016
0.032
0.00800285
0.016
0.008
0.016
2.52647e-06
9.27834e-12
0.024
0.016
0.00800096
0.024
0.008
0.032
0.04
0.00800162
0.008
0.008
0.008
0.008
0.016
0.016
0.016
0.016
0.016
0.024
6.20676e-09
0.024
0.00799999
0.024
0.024
0.008
0.008
0.016
0.008
0.023999
0.016
0.008
0.032
0.024
0.024
0.016
0.008
0.016
9.23508e-14
0.024
0.032
7.40262e-09
0.008
7.20271e-12
1.50547e-08
0.008
3.44486e-06
0.016
1.27382e-10
0.008
0.024
0.016
0.016
0.008
0.00800006
0.008
1.45911e-12
6.48595e-11
0.016
0.00800127
0.008
0.024
0.024
0.024
0.008
0.00800001
0.024
0.008
0.008
0.016
4.48318e-06
1.70834e-08
0.008
9.40012e-11
0.00800002
1.00489e-12
0.008
1.44704e-14
0.008
3.60984e-11
3.29612e-09
0.016
1.39123e-09
4.98898e-12
0.016
4.3638e-09
0.008
0.00800002
0.0160026
0.008
8.61495e-13
1.42027e-10
1.14327e-10
1.09499e-11
0.008
0.0160009
0.008
0.024
0.0160001
0.008
0.024
0.016
0.048
0.016
0.016
0.00835934
5.42517e-11
0.016
0.016
0.00800002
0.056
0.016
0.024
0.016
0.008
1.14324e-13
0.016
0.00800004
5.65813e-11
0.032
0.016
0.008
0.016
0.008
0.024
8.13723e-13
0.008
0.032
4.95459e-13
0.016
0.0160012
0.016
1.54276e-10
0.032
0.008
0.016
0.016
0.016
0.008
0.008
0.016
0.016
0.008
3.5106e-08
5.16928e-09
0.00800006
2.8357e-10
0.008
0.016
0.032
0.008
1.21398e-11
0.008
0.032
0.016
0.0160012
2.40949e-11
0.024
0.032
0.008
0.008
0.00800001
0.008
0.008
0.008
0.00800003
0.008
0.008
0.024
1.73253e-08
3.77857e-11
1.33598e-12
2.88641e-11
0.016
0.008
0.016
0.008
0.00800014
0.008
0.032
1.41945e-12
0.024
0.008
0.008
4.22816e-09
2.21056e-10
0.016
0.008
0.024
7.05707e-11
1.64924e-11
0.008
0.016
0.00800001
0.024
6.95324e-12
0.032
5.16426e-13
0.008
4.24137e-10
2.76086e-11
0.008
0.00800001
0.024
0.008
1.9053e-12
0.032
0.008
0.008
0.016
0.024
0.016
0.00800087
2.07719e-10
0.008
0.008
0.016
0.0159999
3.06436e-05
0.016
0.032
0.00800002
0.00800006
0.008
0.008
0.008
0.016
4.65486e-07
0.024
0.008
0.008
0.00800002
0.016
0.024
0.024
0.016
7.50287e-12
1.36119e-09
0.008
0.00800003
6.65987e-09
0.024
0.016
0.016
0.008
0.024
0.04
0.008
0.032
5.7079e-13
0.00800002
1.26767e-10
0.0160001
0.008
0.008
0.016
2.39088e-15
9.84876e-13
2.27282e-13
0.016
0.016
0.016
0.00800007
0.00800006
0.016
0.008
3.0557e-11
0.008
0.016
0.016
5.73527e-13
0.016
2.68371e-10
4.56641e-11
0.016
0.00800002
0.024
0.032
2.93977e-14
0.008
3.35744e-13
0.016
0.008
2.48209e-11
0.008
0.008
6.92642e-07
0.024
0.008
0.016
3.05462e-09
0.008
0.008
0.008
0.008
0.024
0.008
0.024
0.008
0.016
0.008
0.016
5.05536e-13
0.008
0.008
6.01961e-12
0.016
0.032
0.00803847
0.008
0.008
0.016
0.024
0.00800596
0.024
0.024
0.024
0.008
2.47099e-09
3.70673e-10
0.016
4.58343e-10
0.0240009
0.016
8.44657e-13
0.008
0.016
0.016
0.016
0.008
0.016
4.92881e-11
0.016
0.008
3.86398e-14
0.024
0.008
7.64118e-14
0.024
0.016
0.008
2.32823e-14
9.71294e-09
0.024
1.59222e-14
0.016
1.40645e-12
0.04
4.64374e-14
0.0160003
0.008
0.008
5.25699e-11
0.016
0.016
2.90951e-14
0.024
0.024
0.008
0.024
0.008
0.04
1.07145e-08
0.016
0.008
0.016
2.15863e-14
0.016
0.008
0.016
0.016
0.032
0.008
0.008
0.016
0.016
0.016
6.05394e-11
4.36683e-14
0.016
6.55927e-09
0.032
0.00800001
0.008
2.93045e-11
0.008
0.00800003
0.016
3.15157e-11
0.016
0.016
8.54724e-14
1.01208e-11
0.008
0.008
0.016
2.12133e-08
0.008
0.008
0.0160021
0.056
0.024
0.008
4.66585e-09
0.024
0.016
0.024
0.016
0.024
0.016
0.008
0.008
0.008
0.00800034
0.00800002
0.024
0.016
0.008
0.008
0.016
0.016
5.89198e-13
0.008
0.04
0.008
0.008
0.032
0.024
0.024
0.00800001
0.016
0.016
0.024
0.024
0.0400013
0.008
0.024
0.008
0.008
0.008
1.68923e-08
0.008
0.008
2.28156e-12
0.04
0.016
0.024
2.48536e-10
0.016
0.008
0.024
0.016
0.024
0.016
0.016
0.008
0.024
0.016
0.016
0.016
0.024
