0.696251
0.678925
0.668883
0.65254
0.620818
0.577993
0.543599
0.449238
0.498227
0.479185
0.586256
0.377071
0.496882
0.470824
0.416156
0.432937
0.389016
0.326146
0.383437
0.335728
0.388006
0.337521
0.389865
0.326455
0.399905
0.325158
0.245285
0.316827
0.272167
0.339241
0.224365
0.187802
0.217228
0.168109
0.198976
0.160057
0.168791
0.21808
0.219202
0.144053
0.140441
0.242627
0.125073
0.0980729
0.0993721
0.113909
0.123768
0.0658172
0.111921
0.0466711
0.0746619
0.101448
0.0965337
0.0744374
0.0520663
0.0360315
0.0405623
0.0329936
0.0303177
0.0164276
0.124644
0.0228054
0.0163617
0.0533822
0.0311997
0.0207445
0.0110961
0.0680433
0.0104378
0.0480109
0.0625677
0.0115617
0.00521931
0.0125292
0.0077258
0.00681815
0.00468822
0.0597324
0.00228803
0.00249085
0.00715549
0.0131589
0.00533063
0.00864693
0.00644597
0.0183467
0.00450833
0.00163303
0.0058595
0.00112174
0.00178951
0.00387776
0.00291823
0.000735798
0.0483426
0.00232284
0.00408174
0.00643202
0.000933807
0.00234582
0.0022171
0.00127355
0.00264829
0.00057388
0.00265508
0.0015974
0.000713023
0.00777016
0.00376793
0.00190679
0.000771687
0.000685128
0.000807307
0.00199912
0.000835804
0.000604368
0.00347985
0.00172911
0.00159407
0.00028795
0.000856224
0.000750224
0.00219032
0.000584367
0.0102917
0.00117719
0.000468196
0.000481071
0.00210259
0.000346757
0.000764591
0.000339687
0.00175943
0.00135467
0.000734993
0.00155214
0.000401051
0.00184035
0.000565047
0.000280769
0.0020283
0.000336818
0.000843241
0.000189364
0.000421628
0.000309318
0.000132398
0.00110352
0.000383907
0.000135041
0.000446369
0.000154049
0.000192568
0.000216711
0.000144616
0.000299005
0.000264671
0.000149979
0.00129816
0.000141265
0.000148661
0.000274171
0.000817265
0.000344617
0.000201263
0.000222666
9.69536e-05
0.000115462
9.95115e-05
0.000150841
0.000179892
0.000455719
0.000382658
0.000428205
0.000520879
0.000217782
0.0310198
0.000633493
0.000137866
0.000170316
0.000438716
0.000147535
0.000176515
0.000124919
0.000287475
7.96644e-05
0.000169109
0.000628974
0.0012385
0.000143101
0.000149804
0.00343512
0.000170232
9.44979e-05
0.000170453
0.000209178
8.66572e-05
8.44276e-05
6.13508e-05
0.000227678
0.000108591
8.701e-05
8.35988e-05
0.000645338
0.000393264
8.57198e-05
0.000568603
7.14952e-05
6.1672e-05
6.10223e-05
0.000146524
0.000403429
0.000167376
0.000215113
5.27229e-05
0.00528011
0.000132284
0.00027544
0.000139046
0.000143339
0.000121013
9.42157e-05
0.000176527
5.9264e-05
9.54847e-05
5.85915e-05
9.89426e-05
8.16264e-05
4.72092e-05
7.97673e-05
7.51962e-05
4.03009e-05
8.33989e-05
5.14788e-05
4.70405e-05
5.40175e-05
4.26538e-05
0.000115255
7.62551e-05
9.79729e-05
3.86903e-05
2.78525e-05
5.56513e-05
2.71911e-05
4.19481e-05
2.48694e-05
7.45484e-05
3.38608e-05
3.54066e-05
3.89614e-05
2.61634e-05
2.46356e-05
2.45458e-05
2.87975e-05
2.90031e-05
2.09679e-05
4.56891e-05
2.25897e-05
5.55595e-05
3.69065e-05
1.63765e-05
2.76672e-05
2.64974e-05
1.32103e-05
1.71993e-05
3.42386e-05
1.56632e-05
7.64134e-05
2.87768e-05
1.73733e-05
8.67005e-06
3.2413e-05
1.56697e-05
8.14715e-06
7.06345e-06
1.90654e-05
2.54649e-05
1.10508e-05
1.45323e-05
1.38155e-05
7.91378e-06
7.34403e-06
5.49113e-06
8.81987e-06
7.27953e-06
1.48096e-05
1.00535e-05
9.3991e-06
9.81168e-06
3.93053e-06
3.50544e-06
2.88073e-05
7.58578e-06
7.10549e-06
7.32305e-06
6.73791e-06
3.73493e-06
4.95695e-06
5.78452e-06
3.3577e-06
5.89944e-06
2.61037e-06
0.000166652
2.37643e-05
2.22933e-05
6.80506e-06
5.76627e-06
0.000222429
4.96062e-06
4.77626e-06
9.63219e-06
9.25783e-06
1.77146e-05
5.10233e-06
5.69033e-06
9.14083e-06
8.59176e-06
1.40503e-05
6.92261e-06
2.17887e-05
7.19774e-06
4.71936e-06
5.1392e-06
7.05083e-06
8.97355e-06
2.99609e-05
5.37792e-06
3.51364e-06
9.56347e-06
1.27002e-05
1.58094e-05
7.19375e-06
5.25694e-06
1.18359e-05
4.01018e-06
8.04201e-06
8.29197e-06
6.40035e-06
7.11896e-06
6.26065e-06
1.38525e-05
3.60966e-06
4.48248e-06
7.61942e-06
1.49236e-05
3.95223e-06
8.70531e-06
2.00825e-05
5.03024e-06
4.30704e-06
4.26729e-06
4.12107e-06
3.89815e-06
3.72958e-06
4.13075e-06
6.97642e-06
6.11511e-06
1.09274e-05
5.32472e-06
2.68063e-06
5.88721e-06
3.80575e-06
3.6394e-06
2.59159e-06
5.94565e-06
3.73892e-06
3.36779e-06
2.71504e-06
3.01489e-06
6.90385e-06
2.76026e-06
4.03013e-06
3.67836e-05
2.59135e-06
1.08861e-05
2.03339e-06
2.25664e-06
3.90297e-06
3.55357e-06
2.18926e-06
4.12405e-06
2.23813e-06
2.21899e-06
2.1215e-06
5.34742e-06
3.29057e-06
1.26955e-06
2.68783e-06
5.11436e-06
2.53026e-06
3.62043e-06
1.48578e-06
1.47298e-06
1.74328e-06
1.05097e-06
3.44129e-06
1.15695e-06
1.22604e-06
2.07764e-06
9.42234e-07
1.46012e-06
1.02348e-06
1.36509e-06
7.92741e-07
2.21633e-06
2.42286e-06
3.56892e-06
0.000145241
2.24757e-06
5.99781e-06
4.27713e-06
1.42468e-05
9.42306e-06
1.71964e-05
1.07155e-05
1.46798e-05
4.77945e-06
3.02788e-06
3.26923e-06
8.88991e-06
4.65129e-06
3.99172e-06
4.72486e-06
5.03278e-06
3.28176e-06
2.03479e-06
2.86952e-06
8.63993e-06
2.37936e-06
1.95958e-06
4.93614e-06
4.47239e-06
3.19621e-06
9.77685e-06
2.37227e-06
4.27308e-06
1.46189e-06
3.10794e-06
2.79235e-06
2.86271e-06
5.88566e-06
2.92238e-06
3.76212e-06
1.46361e-06
2.21866e-06
1.60601e-06
3.482e-06
2.68227e-06
5.14085e-06
1.10585e-05
1.40339e-06
1.26036e-06
7.69636e-06
1.67038e-06
2.01122e-06
2.52941e-06
1.18133e-06
3.78145e-06
1.97098e-06
4.03944e-06
1.55664e-06
1.05085e-06
6.01604e-06
2.3677e-06
2.43641e-06
1.25885e-06
1.71268e-06
1.52557e-06
8.76259e-07
1.97018e-06
2.00305e-05
1.27767e-06
1.52534e-06
1.80461e-06
1.2142e-06
9.6388e-07
2.55361e-05
8.63054e-06
1.5789e-06
1.87345e-06
1.88679e-06
2.05241e-06
1.97234e-05
2.43463e-06
1.09537e-06
2.70325e-06
3.35885e-06
9.34033e-07
1.25996e-06
1.25864e-06
1.09285e-06
1.69962e-06
5.72738e-07
8.7475e-07
1.15839e-06
2.29954e-06
5.57432e-07
1.31441e-06
1.54343e-06
1.05261e-06
5.62623e-07
1.28561e-06
7.79528e-07
1.04353e-06
1.69602e-05
6.96553e-07
9.46343e-07
1.04653e-06
7.47476e-07
5.44608e-07
5.23983e-07
2.47067e-06
1.09672e-06
4.63502e-07
6.27247e-07
4.93754e-07
1.64886e-06
8.78982e-07
3.64844e-07
4.72462e-07
6.83333e-07
6.63216e-07
3.6753e-07
3.38712e-07
3.07089e-07
2.55257e-07
1.19302e-06
4.33262e-07
4.43717e-07
3.35717e-07
2.99712e-07
3.18343e-07
2.68104e-07
3.26754e-07
5.11333e-07
2.67387e-07
2.33173e-07
2.41217e-07
3.52257e-07
1.45867e-07
2.85248e-07
2.8918e-07
2.42545e-07
1.54134e-07
9.17122e-08
1.7542e-07
1.4462e-07
1.13555e-07
1.02828e-07
0.038576
2.15031e-05
1.09255e-06
6.85112e-07
2.14834e-06
8.78305e-07
3.15811e-07
2.90111e-07
3.64421e-07
6.02131e-07
2.39997e-06
8.45346e-07
3.76831e-07
4.79939e-07
4.49427e-07
3.60067e-07
3.62311e-07
5.04069e-07
4.02647e-07
5.87811e-07
7.84931e-07
6.2433e-07
7.73306e-07
1.04258e-06
2.61955e-07
2.9854e-07
6.70883e-07
6.44816e-07
6.55612e-07
4.46415e-07
4.94956e-07
4.19662e-07
4.77171e-07
6.22638e-07
5.08827e-07
2.56947e-07
5.96021e-07
6.04322e-07
1.1335e-06
5.35073e-07
6.36624e-07
5.86374e-07
5.5088e-07
5.86919e-07
7.90985e-07
2.96295e-07
1.04986e-06
4.51944e-07
5.11547e-07
9.23809e-07
3.69371e-07
1.2215e-06
2.70822e-07
1.07306e-05
3.74252e-07
2.1647e-06
3.49887e-07
3.22998e-07
2.52357e-07
4.81955e-07
3.57847e-07
4.23852e-07
3.20584e-07
6.29303e-07
3.86828e-07
4.61916e-07
4.23424e-07
3.35645e-07
2.56143e-07
3.84616e-07
2.07188e-07
3.75063e-07
1.01591e-06
9.70819e-07
