0.703489
0.693523
0.677727
0.641982
0.559594
0.56522
0.488334
0.598186
0.506907
0.466823
0.496082
0.498206
0.467082
0.50998
0.457534
0.407448
0.37791
0.357018
0.387703
0.300342
0.317195
0.396843
0.267991
0.247114
0.365478
0.248252
0.288032
0.197485
0.143958
0.254512
0.242865
0.174903
0.125585
0.126692
0.1066
0.0775893
0.0679744
0.0556454
0.151763
0.103943
0.0466052
0.0482613
0.0507163
0.106742
0.0477072
0.0346191
0.0136207
0.0288693
0.0883875
0.0787532
0.0295011
0.0102241
0.0262242
0.0217164
0.0115819
0.011315
0.0113538
0.00668603
0.004661
0.00495214
0.0193318
0.00794736
0.00867419
0.00499001
0.00478949
0.00799207
0.00256818
0.0582254
0.0059738
0.00490992
0.00416801
0.00255477
0.00263979
0.00252982
0.00319738
0.00294966
0.00230033
0.00289363
0.0673846
0.00155276
0.00231369
0.0331132
0.00195804
0.00407861
0.00160909
0.00107561
0.00151552
0.00228578
0.000917819
0.00175619
0.00104208
0.00439057
0.00103393
0.000976978
0.000963621
0.00134163
0.00100795
0.010599
0.000831699
0.000931453
0.00273314
0.000460136
0.00873218
0.000595919
0.00252296
0.000578408
0.0016158
0.000271298
0.000385468
0.000528945
0.00249056
0.00022168
0.00124513
0.000203912
0.000897102
0.000311724
0.000188044
0.000136243
0.000275581
0.000148879
0.000180129
0.00117143
0.00153737
0.00112343
0.00211309
0.000573778
0.000309668
0.000402457
0.000305573
0.00391189
0.000360086
0.000287219
0.000353869
0.000142743
0.000239547
0.000169988
0.000160181
0.000622058
0.000175604
0.000148846
0.000131332
0.00102804
0.000160497
0.000136107
0.000125096
0.000109724
0.000110448
0.000492135
6.74336e-05
8.36026e-05
0.000119798
8.07965e-05
0.000394981
0.000290188
0.000386094
0.000715248
0.000248165
0.000225837
0.000170281
0.000291849
0.000113256
7.46684e-05
7.17714e-05
0.000100726
5.29881e-05
9.37208e-05
0.000114858
4.37432e-05
8.81687e-05
7.56852e-05
8.11039e-05
7.56583e-05
0.00130488
0.000301238
0.00011462
6.69701e-05
6.16781e-05
4.6656e-05
3.53779e-05
0.000134327
4.63884e-05
6.57283e-05
6.92521e-05
0.000108687
3.0639e-05
8.02963e-05
7.12101e-05
5.55214e-05
2.69646e-05
2.94979e-05
3.84584e-05
4.29161e-05
6.01517e-05
2.48168e-05
2.06981e-05
3.52001e-05
3.58739e-05
0.000545904
5.16754e-05
2.01584e-05
3.87513e-05
0.000806151
0.000168234
0.000100225
0.000110707
0.000125533
6.31709e-05
7.40454e-05
8.2652e-05
0.000154394
9.09669e-05
0.000109894
0.000680104
7.25107e-05
9.20205e-05
4.43683e-05
4.48824e-05
0.0001227
7.96808e-05
6.05023e-05
4.81872e-05
2.78747e-05
3.21103e-05
7.44441e-05
2.58252e-05
2.34146e-05
2.80567e-05
2.78473e-05
2.06428e-05
2.6778e-05
0.000129405
2.82747e-05
4.84358e-05
4.48473e-05
4.35154e-05
2.52795e-05
1.74357e-05
1.84136e-05
3.88716e-05
4.74026e-05
2.88761e-05
1.36252e-05
1.39809e-05
2.15104e-05
1.69243e-05
1.71787e-05
2.40754e-05
2.77537e-05
1.29423e-05
3.14128e-05
2.66338e-05
1.42261e-05
1.09844e-05
1.57388e-05
5.10976e-05
8.68929e-06
1.60356e-05
5.87437e-05
1.69777e-05
6.27144e-06
2.02229e-05
8.46905e-06
3.17801e-05
4.09643e-05
6.82965e-06
3.23991e-06
0.000116044
3.73865e-06
4.23923e-06
1.36188e-05
1.14918e-05
5.22211e-06
5.13336e-06
6.07732e-06
1.11476e-05
3.73838e-06
6.24487e-06
9.10373e-06
4.41546e-06
6.10057e-06
3.34383e-06
5.39126e-06
6.24144e-06
3.5403e-06
5.08839e-06
5.91319e-06
9.10687e-06
1.50378e-05
2.18842e-05
1.57799e-05
4.14916e-06
2.16469e-06
0.0576674
0.000114562
0.000184794
1.95953e-05
1.37629e-05
1.17501e-05
2.84196e-05
3.1318e-05
1.36061e-05
0.000276126
3.11046e-05
2.59523e-05
3.02185e-05
0.000103485
3.20652e-05
1.90626e-05
6.6825e-06
4.79447e-05
1.73024e-05
7.99761e-06
1.24871e-05
8.54407e-06
1.18184e-05
6.76632e-05
9.44114e-06
2.90672e-05
1.14513e-05
9.82476e-06
3.33871e-06
8.83288e-06
5.83412e-06
8.84524e-06
0.000141266
8.25928e-06
1.77925e-05
1.77854e-05
2.51459e-06
5.66588e-06
5.2832e-06
1.7629e-05
8.94495e-06
3.58635e-06
7.4264e-06
2.08845e-05
1.48135e-05
3.60807e-06
0.000358048
4.0464e-06
7.29861e-06
1.13928e-05
1.38444e-05
7.12453e-06
2.72369e-06
9.94637e-06
3.00254e-06
1.28893e-05
1.74108e-06
8.91966e-06
5.8789e-06
2.41399e-05
2.94505e-06
8.67564e-06
6.62104e-06
2.93874e-06
3.0167e-06
3.62828e-06
2.6564e-06
3.54586e-06
3.2468e-06
6.39868e-06
7.58352e-06
4.83974e-06
6.11979e-06
1.54525e-06
2.14968e-05
5.85961e-06
2.52297e-06
1.05854e-06
4.00686e-06
7.03261e-06
3.19105e-06
3.36075e-06
2.82012e-06
3.14584e-06
3.18518e-06
6.58499e-06
2.4358e-06
4.1575e-06
1.55426e-06
1.01433e-06
6.53089e-07
1.27352e-06
5.48096e-06
2.13332e-06
1.11136e-06
1.03021e-06
8.53449e-07
2.60828e-06
1.73226e-06
6.7131e-07
1.3442e-06
1.97063e-06
3.32613e-06
1.4057e-06
7.55706e-07
1.86208e-06
9.72049e-07
4.47091e-07
1.24197e-06
6.69891e-07
4.22419e-06
1.30939e-06
6.07156e-07
4.03163e-07
6.71461e-07
5.89935e-07
4.28264e-07
5.77388e-07
2.3472e-07
1.36535e-06
3.94118e-07
0.000770833
8.92461e-05
7.70322e-06
4.55636e-06
1.27409e-05
2.94683e-05
9.51667e-06
4.1831e-06
4.3398e-06
1.17704e-05
5.51341e-06
9.04004e-06
1.56359e-05
1.28085e-05
5.62797e-06
1.40232e-05
4.8294e-06
4.66518e-06
5.12488e-05
9.5741e-06
4.03753e-06
1.46623e-05
4.27403e-06
2.89506e-06
4.76445e-06
3.18497e-06
1.82242e-06
6.80413e-06
3.66921e-06
3.4283e-06
1.48758e-05
3.7229e-06
7.54203e-06
1.79992e-06
2.86119e-06
2.24968e-06
2.92898e-06
1.83141e-06
2.09707e-06
4.38966e-06
8.55417e-06
1.5002e-05
3.26831e-06
1.53943e-06
1.16717e-05
1.64076e-06
2.29347e-06
2.90796e-06
3.76027e-06
9.61928e-06
4.72574e-06
1.15135e-06
1.98726e-06
3.73633e-06
1.82608e-06
1.60317e-06
5.23219e-06
2.01982e-05
1.53056e-06
1.98119e-06
1.5899e-06
2.64723e-06
2.1247e-06
1.41686e-06
7.24414e-07
1.70888e-06
2.2254e-06
9.62177e-07
2.7711e-05
4.67454e-07
2.45178e-06
1.02087e-06
1.56447e-06
4.3904e-07
9.36936e-07
1.19981e-06
6.31053e-07
1.73468e-05
1.73454e-06
1.37827e-06
7.26806e-07
4.42851e-07
9.01095e-07
6.71049e-07
1.35302e-06
1.39621e-05
4.93572e-07
1.90456e-05
0.000721758
1.10409e-05
0.0657678
1.02273e-05
3.98061e-06
2.14412e-05
1.29195e-06
3.82724e-05
5.75677e-06
8.21834e-06
2.00306e-05
8.57999e-06
3.24103e-06
2.21375e-05
5.21709e-06
3.7697e-06
1.73297e-06
2.80712e-06
3.4885e-06
4.02081e-05
4.48739e-06
1.31558e-05
3.94737e-06
4.078e-06
4.1604e-06
3.04343e-06
1.70313e-06
2.02685e-06
2.2223e-06
1.66935e-06
3.30297e-06
1.97576e-06
2.42998e-06
2.23605e-06
1.249e-06
1.65427e-05
3.1639e-06
1.57542e-06
7.13518e-07
1.89749e-06
1.33177e-06
7.80443e-07
1.95196e-06
9.30302e-07
7.22212e-07
1.61277e-06
2.33581e-06
8.77108e-07
2.70607e-06
1.20079e-06
1.64484e-06
1.28324e-06
1.03902e-06
6.12834e-07
6.17973e-07
6.79169e-07
1.36117e-06
8.65232e-07
0.00010217
1.78534e-06
1.28634e-06
1.31977e-06
1.43613e-06
3.81984e-07
8.22656e-07
1.86864e-06
1.52364e-06
3.92085e-06
7.98538e-07
9.79766e-07
2.80618e-06
1.01244e-06
5.78778e-07
1.35184e-05
9.94263e-07
5.27213e-06
4.33911e-07
5.36141e-07
3.58338e-07
8.9764e-07
1.10169e-06
7.75561e-07
6.8964e-07
3.59459e-07
2.09155e-06
1.35672e-06
7.73087e-07
4.58209e-07
4.2264e-07
5.99239e-07
8.6065e-07
8.24032e-07
8.53498e-07
2.47842e-07
1.20468e-06
2.88777e-07
4.97424e-07
0.278926
7.25107e-05
1.37311e-05
1.61397e-05
1.71025e-05
4.39451e-06
6.99841e-06
1.93988e-06
2.54176e-06
4.85462e-06
6.04371e-06
3.74691e-06
2.3421e-06
4.81547e-06
2.66878e-06
3.23504e-06
1.66946e-06
1.99254e-06
3.91464e-06
1.54509e-06
1.88866e-06
4.92082e-06
6.00653e-06
1.14466e-06
4.31417e-06
1.68041e-06
5.62898e-06
5.29924e-06
3.05656e-06
8.17778e-06
1.14077e-06
6.25211e-06
2.43277e-06
8.66774e-06
3.60384e-06
7.62388e-06
1.46518e-06
1.07169e-05
3.69457e-06
9.94621e-07
2.78719e-06
2.54797e-06
1.57118e-06
8.76981e-07
1.42659e-06
1.38119e-06
7.21919e-07
3.0911e-06
5.38105e-06
5.90812e-07
1.57947e-06
1.31622e-06
3.32422e-07
1.43807e-06
1.88527e-06
1.37023e-06
1.15373e-05
9.06559e-07
3.07897e-06
9.75336e-07
2.97814e-06
1.01872e-06
1.97074e-06
1.94175e-06
1.01958e-06
7.24559e-07
6.55558e-07
1.17432e-06
3.82606e-06
8.0662e-07
1.12565e-06
1.58601e-06
5.98767e-06
5.34998e-07
5.89372e-07
1.65326e-06
9.86937e-07
1.02164e-06
3.15952e-07
9.1603e-07
8.13548e-07
1.75089e-06
3.69977e-07
3.11778e-07
4.73344e-07
3.01884e-06
4.50749e-07
1.11739e-06
4.59958e-07
2.41256e-07
1.78488e-07
3.691e-07
9.26517e-07
1.82338e-06
3.24667e-05
8.69938e-06
3.59435e-06
6.00314e-05
3.83193e-06
1.5712e-05
2.57741e-06
1.99594e-06
3.86112e-06
4.4751e-06
1.31871e-06
1.80799e-06
1.47174e-05
5.41902e-06
4.14105e-06
2.11631e-06
2.13342e-06
1.73752e-06
2.04918e-06
1.99868e-06
3.1631e-06
4.54421e-07
3.23448e-06
1.51364e-06
1.25951e-06
1.4547e-06
1.99337e-06
3.38238e-06
5.6506e-06
1.5825e-06
6.37404e-07
1.88732e-06
2.50525e-06
1.2266e-06
8.29249e-07
4.08337e-06
7.54272e-07
3.88543e-06
7.43456e-07
8.73131e-07
2.6812e-06
6.28284e-07
5.55286e-07
9.4507e-07
4.29873e-07
5.81063e-07
3.67594e-07
2.97565e-07
2.3692e-06
4.6828e-06
1.08773e-06
1.92138e-06
2.21132e-06
4.86127e-07
8.1615e-07
7.1352e-07
5.80402e-07
5.41611e-07
6.49828e-07
2.2676e-06
6.73749e-07
3.23413e-07
1.25828e-06
2.80714e-06
1.43576e-06
2.85202e-07
5.18209e-07
4.3495e-07
2.96841e-07
2.36184e-07
2.11818e-07
3.62511e-07
1.21291e-06
3.95821e-07
2.77825e-07
1.0004e-06
6.63858e-07
3.00256e-07
2.37694e-07
1.31603e-07
1.4442e-07
2.28944e-07
3.9576e-07
1.01659e-06
4.56082e-07
2.47006e-07
3.68251e-07
2.47702e-07
1.83379e-07
1.77331e-06
4.52477e-07
9.42601e-08
2.15747e-07
1.39932e-07
9.70126e-08
4.47815e-07
1.43969e-07
1.39564e-07
1.19438e-07
1.65364e-07
4.48716e-07
9.92158e-08
1.54312e-07
3.87713e-07
4.27912e-06
9.72381e-08
1.38376e-07
6.32285e-07
2.23934e-07
6.60624e-07
3.90731e-08
1.21111e-07
1.39655e-07
9.51613e-08
1.45795e-07
8.39807e-08
2.01451e-07
6.2378e-08
3.91425e-08
3.59738e-08
2.91683e-08
7.04575e-08
1.6308e-07
7.80681e-08
6.0202e-08
5.73688e-08
4.39834e-07
2.23899e-07
7.60594e-08
6.80771e-08
2.89725e-07
1.02707e-07
4.17834e-08
3.23771e-08
1.89818e-07
7.26221e-08
1.85731e-05
7.54991e-07
7.77182e-07
2.25245e-06
1.09846e-06
8.84674e-07
1.08839e-06
4.59424e-06
3.23378e-06
1.65129e-06
9.61329e-07
1.40151e-06
6.10318e-06
4.00994e-07
2.18312e-06
9.05004e-07
8.52079e-07
1.85976e-06
6.15727e-06
1.04781e-06
3.67431e-06
1.27211e-05
5.71528e-07
1.36194e-06
2.22762e-06
4.81643e-07
2.28406e-06
1.12482e-06
1.81457e-06
7.27104e-07
7.40563e-07
6.13069e-07
2.30728e-07
7.70151e-07
4.06114e-07
6.03393e-07
2.16519e-06
1.46441e-06
4.01098e-06
5.99738e-07
4.68202e-07
1.06122e-06
4.1535e-06
4.33626e-07
1.83638e-06
5.03576e-07
1.77817e-05
5.48209e-07
5.3206e-07
5.10981e-07
7.0752e-07
3.80132e-07
2.6462e-06
3.8782e-07
1.54712e-06
2.36416e-06
5.56567e-07
5.41e-07
4.81626e-07
9.25803e-07
2.23232e-07
3.70991e-07
1.48079e-06
3.83737e-07
6.23353e-07
2.07466e-07
5.48235e-07
8.50482e-07
2.70463e-07
4.2419e-06
2.54123e-07
1.9503e-07
1.42483e-06
3.71691e-07
1.78208e-07
5.10073e-07
4.6835e-06
4.83598e-07
2.38215e-07
1.84791e-07
2.94312e-07
2.32854e-07
2.49163e-07
2.6088e-07
2.11147e-07
4.38094e-07
1.64984e-07
3.62011e-06
5.08647e-08
1.91695e-07
3.60615e-07
3.28781e-07
1.01072e-07
9.97628e-07
2.79861e-07
3.78824e-06
2.94869e-07
3.09339e-07
3.83354e-07
3.39554e-07
1.81429e-07
2.60322e-07
2.9101e-07
1.29527e-07
2.65169e-07
1.55987e-07
1.37201e-06
4.43742e-07
8.85808e-08
1.63869e-07
1.67551e-06
2.16335e-07
1.11369e-07
1.38204e-07
7.75774e-08
8.14519e-08
1.11976e-06
1.92488e-07
5.32343e-08
2.93209e-08
3.56747e-07
6.93627e-08
1.31606e-07
6.95588e-08
6.76772e-08
1.11457e-07
4.94883e-08
8.75821e-08
8.26891e-08
8.7149e-08
3.50452e-07
7.76587e-08
1.11758e-07
8.08557e-08
5.61919e-08
8.45798e-08
3.60082e-08
1.29487e-07
4.28951e-08
4.93648e-08
7.62309e-08
6.35743e-08
8.64607e-08
8.59855e-08
5.65188e-08
1.06551e-07
2.16239e-08
1.95378e-07
8.30259e-08
4.80486e-08
2.56629e-08
3.31922e-08
4.04575e-08
4.48291e-08
4.76762e-07
1.96076e-08
6.22652e-08
1.58683e-08
1.5393e-07
1.91743e-07
6.87493e-08
1.28816e-07
7.90728e-08
2.47679e-08
7.66731e-08
6.2486e-08
8.37667e-09
6.38361e-08
7.39549e-08
3.32127e-08
1.68921e-08
1.04223e-08
