0.696719
0.695427
0.681689
0.621811
0.650415
0.516074
0.534128
0.497966
0.496437
0.528919
0.432174
0.426324
0.456638
0.467132
0.467394
0.338363
0.405256
0.509413
0.35546
0.361268
0.288211
0.412765
0.361633
0.267657
0.267674
0.237882
0.277877
0.168737
0.135478
0.162976
0.157859
0.129515
0.156222
0.107567
0.0649276
0.0709712
0.0706086
0.071768
0.0486496
0.0777396
0.0874903
0.0688232
0.0403153
0.036168
0.082462
0.109041
0.0511904
0.0490458
0.0200518
0.0120534
0.0361999
0.0674452
0.108833
0.0110687
0.0578127
0.0109877
0.0593429
0.00703436
0.00515924
0.00974993
0.019957
0.014435
0.00667165
0.00987051
0.0207439
0.00864368
0.0496168
0.00542326
0.00792201
0.00430174
0.00240828
0.00374746
0.00439964
0.0025708
0.00368105
0.00178274
0.00343735
0.00348319
0.00223893
0.00208581
0.0152804
0.00183408
0.00152086
0.00254502
0.00260607
0.00217019
0.00192825
0.00128907
0.00123614
0.000943366
0.00183608
0.000897118
0.0531186
0.000956915
0.00161003
0.000607038
0.00115694
0.00562361
0.00203233
0.000907361
0.00566262
0.00132169
0.00125866
0.00132952
0.000587784
0.000923141
0.000558505
0.00123843
0.00228076
0.000703341
0.000895266
0.000547662
0.000692099
0.00180656
0.000730348
0.00130819
0.00103703
0.00148739
0.000279336
0.00058158
0.000280617
0.00231355
0.000214738
0.00173099
0.000677363
0.000406498
0.000271828
0.000793215
0.000693762
0.000849597
0.000451492
0.000367443
0.000365391
0.00028218
0.000351095
0.000149245
0.000146669
0.000418505
0.00041939
0.000270641
0.000137964
0.000112973
0.000151477
0.000144858
0.0837382
0.000542742
0.000455996
0.000501458
0.000283349
0.00104894
0.000979146
0.00153161
0.000232922
9.99826e-05
9.1486e-05
0.000159088
0.000119978
7.73439e-05
0.000124864
9.80155e-05
0.000399791
0.000118079
0.000122775
7.11214e-05
0.000126237
5.47373e-05
0.00362819
0.000104826
0.000105356
0.00010193
8.73717e-05
0.000118704
2.60033e-05
0.000331961
0.000135537
6.66318e-05
0.000240024
3.81315e-05
6.31196e-05
1.93331e-05
0.00560529
2.9255e-05
5.83492e-05
5.40008e-05
0.000992738
7.10717e-05
5.763e-05
0.00200584
1.74728e-05
4.34362e-05
0.00131316
6.27991e-05
0.00330804
0.000474089
7.3957e-05
0.000101012
5.9895e-05
4.39936e-05
0.000107931
5.40989e-05
5.07226e-05
8.76249e-05
0.00019199
0.000155124
6.83233e-05
2.38221e-05
6.67684e-05
6.92354e-05
3.99598e-05
9.06263e-05
2.86778e-05
8.16382e-05
7.2201e-05
3.84795e-05
0.000174126
3.80896e-05
0.000214266
7.31269e-05
3.44631e-05
7.05331e-05
0.000189255
0.000170391
3.70037e-05
4.63094e-05
5.50448e-05
1.79886e-05
0.000339178
5.33496e-05
4.19091e-05
4.2793e-05
2.95039e-05
1.72749e-05
9.73817e-05
9.35182e-05
1.04626e-05
2.53313e-05
6.51915e-05
0.000145713
2.12922e-05
4.61214e-05
1.24903e-05
2.90651e-05
1.15514e-05
1.37817e-05
1.82563e-05
0.00188507
0.000181948
4.62812e-05
0.000129664
0.000328185
3.54953e-05
7.76352e-05
0.000108885
2.37379e-05
0.000241663
2.41147e-05
4.81024e-05
3.00395e-05
4.88933e-05
6.83651e-05
0.000167719
4.064e-05
2.57453e-05
9.96102e-05
3.0281e-05
6.02131e-05
5.1559e-05
3.16208e-05
3.32259e-05
3.26823e-05
1.44589e-05
7.18975e-05
3.86592e-05
9.62193e-06
1.4821e-05
3.36164e-05
0.000146977
1.12188e-05
1.93976e-05
1.00526e-05
4.1028e-05
3.86981e-05
1.68864e-05
3.93338e-05
2.04947e-05
5.81518e-05
3.99996e-05
6.10982e-06
3.39048e-05
3.2439e-05
1.34432e-05
5.71868e-05
1.63063e-05
1.20051e-05
1.25608e-05
3.37628e-06
3.40455e-05
1.55308e-05
2.14323e-05
7.45342e-06
3.90158e-06
7.32293e-06
8.27864e-06
3.73986e-06
4.7749e-06
1.11195e-05
7.97958e-06
1.13141e-05
3.009e-06
3.59669e-06
2.48913e-06
1.30609e-05
0.00140045
0.000295954
6.86096e-05
7.16237e-05
3.1936e-05
3.35058e-05
1.80774e-05
1.35489e-05
1.63593e-05
2.71986e-05
2.19267e-05
1.09971e-05
0.00013675
2.14607e-05
2.79874e-05
0.000355866
2.77502e-05
1.49995e-05
3.31178e-05
2.62964e-05
1.39579e-05
3.51694e-05
0.000125808
2.1421e-05
4.10614e-05
5.33794e-05
1.75128e-05
1.75871e-05
0.000124504
1.35827e-05
3.22795e-05
7.61408e-05
1.18483e-05
1.2495e-05
5.59856e-06
1.74671e-05
1.02976e-05
1.1979e-05
1.85088e-05
5.92823e-06
8.8348e-06
1.15155e-05
1.45993e-05
8.91937e-06
6.44448e-06
1.62765e-05
7.76784e-06
1.83381e-05
2.8992e-05
6.88097e-06
1.07478e-05
9.91097e-06
3.90388e-06
7.81441e-06
4.65639e-06
5.98276e-06
1.11412e-05
2.0667e-05
6.37054e-06
9.61906e-06
1.15848e-05
2.95632e-05
4.06712e-06
4.23769e-05
5.74649e-06
5.9394e-06
1.23944e-05
9.35365e-06
4.73859e-06
4.14301e-06
1.13474e-05
5.60585e-06
3.23448e-06
1.9908e-06
3.46727e-06
3.67929e-06
1.82807e-06
5.56738e-06
0.00233986
4.59148e-05
3.28246e-05
4.87622e-05
1.15983e-05
3.7895e-05
0.000221479
1.48045e-05
2.02716e-05
1.58229e-05
1.41924e-05
2.04166e-05
7.94571e-06
6.44532e-06
1.67845e-05
1.25297e-05
1.47552e-05
6.3822e-06
0.000591369
6.024e-06
0.000124512
8.30556e-06
5.96085e-06
1.31341e-05
6.29717e-06
9.17214e-06
1.90884e-05
9.25225e-06
7.87237e-06
1.34244e-05
2.13532e-06
1.28208e-05
5.5846e-06
6.41907e-06
2.06724e-05
1.28118e-05
2.71201e-06
9.12311e-06
5.38585e-06
7.14465e-06
3.89159e-06
3.09673e-06
7.88564e-06
4.19792e-06
5.75467e-06
4.48367e-06
4.79586e-06
5.55128e-06
1.13874e-05
3.76036e-06
2.90465e-05
6.9288e-06
4.73936e-06
5.83952e-06
3.67566e-06
4.40519e-06
5.85738e-06
3.85473e-06
9.18388e-06
2.18428e-06
1.18934e-06
2.54223e-06
1.65839e-06
1.6691e-06
1.11153e-06
1.18444e-06
1.35192e-06
1.56351e-06
1.0177e-06
2.12498e-06
1.49978e-06
1.56238e-06
3.1323e-06
1.70532e-06
2.39699e-06
1.8269e-06
1.38615e-06
1.95277e-06
1.45807e-05
1.21635e-06
4.9945e-07
1.06853e-06
6.0813e-07
1.10455e-06
2.09901e-06
4.97898e-07
1.42544e-06
5.21075e-07
1.57051e-06
4.93051e-07
5.0612e-07
1.47328e-06
2.00836e-06
6.32681e-07
3.48008e-07
0.0204055
0.000294592
1.47928e-05
1.22628e-05
2.77207e-05
6.35069e-06
7.24089e-06
2.86118e-05
5.57099e-06
2.26587e-06
1.69942e-05
3.83261e-05
1.38766e-05
1.52871e-05
5.87223e-06
2.17828e-05
8.34228e-06
5.12841e-06
7.26366e-06
3.40995e-06
1.26369e-05
2.91228e-06
9.39843e-06
3.42098e-06
5.29022e-06
3.60938e-06
1.14639e-06
5.41525e-06
3.11089e-06
6.85844e-06
1.60399e-06
5.27711e-06
1.30318e-06
2.87712e-06
1.70028e-06
3.8551e-06
4.83688e-05
2.68685e-06
1.06872e-05
0.000219041
3.58901e-06
1.94135e-06
3.63398e-06
3.62435e-06
1.09392e-06
4.12322e-05
1.31892e-06
1.75085e-06
1.36834e-05
2.31725e-06
6.57757e-06
3.311e-06
2.49235e-06
1.05791e-06
4.35871e-06
1.2267e-06
1.73227e-06
2.31974e-06
4.44291e-06
5.66994e-06
8.93884e-07
1.36326e-06
6.60817e-07
7.46342e-07
1.40086e-06
1.71034e-06
6.39817e-07
1.94178e-06
5.65739e-07
2.20807e-06
5.37053e-06
3.09671e-06
3.73786e-07
5.78117e-06
4.70797e-06
1.60558e-06
1.28263e-06
1.02424e-06
1.30203e-06
6.28234e-06
3.25857e-07
8.31079e-07
3.86284e-07
1.43471e-06
5.24438e-07
1.34993e-06
1.02174e-06
0.000159353
6.6874e-07
1.29678e-06
1.04866e-06
4.41903e-07
0.000119568
8.92071e-06
3.72346e-06
1.60557e-05
3.74157e-06
1.04916e-05
6.51117e-06
1.23101e-05
4.5874e-05
2.25399e-05
2.28016e-05
3.31722e-06
7.6135e-06
1.42949e-05
5.31137e-06
5.29075e-06
2.14124e-06
2.31311e-06
1.11154e-05
5.27411e-06
3.92338e-06
3.86165e-06
4.45225e-06
1.65733e-06
5.66087e-06
2.66343e-06
3.87628e-06
2.02183e-06
3.92284e-06
1.79155e-06
3.55036e-06
1.59724e-06
7.79318e-07
9.95186e-07
1.42202e-06
7.20571e-06
3.92392e-06
2.90962e-06
5.11463e-06
6.39141e-06
1.81211e-06
7.09073e-07
2.70059e-05
3.80748e-06
6.56751e-07
4.84964e-07
7.28583e-07
3.71675e-06
1.11519e-06
2.25906e-06
9.7119e-07
1.11278e-06
1.29836e-06
6.25725e-07
1.28406e-06
1.17667e-06
9.89774e-07
4.39319e-06
1.08242e-06
2.01578e-06
3.72392e-06
1.74357e-06
3.21206e-06
3.61073e-07
6.70005e-07
1.66437e-06
7.55697e-07
4.8551e-06
4.53412e-07
4.16798e-06
1.40299e-06
3.92719e-07
3.99407e-07
8.604e-07
7.64851e-07
5.24935e-07
1.23193e-06
4.33924e-07
1.64941e-06
9.07217e-07
2.92861e-07
7.78472e-07
1.70684e-07
5.76542e-07
1.04453e-06
2.40311e-07
3.12567e-07
1.87553e-07
1.03704e-06
5.69315e-07
2.46032e-07
1.36324e-06
5.98032e-07
5.5347e-07
1.01514e-06
3.87599e-06
2.42399e-07
2.39233e-07
1.22287e-07
3.20657e-06
2.18428e-07
9.87051e-07
2.2781e-07
6.00021e-07
1.1909e-07
1.33515e-07
2.01094e-07
1.50595e-07
1.02925e-06
7.31331e-05
1.21082e-05
3.88919e-06
1.5072e-05
2.70587e-05
2.39598e-05
4.09959e-06
3.65493e-06
4.41653e-06
6.44232e-05
4.19893e-06
4.67344e-06
5.06191e-06
5.85294e-06
5.42665e-06
2.4509e-06
3.41918e-06
2.93477e-06
5.75913e-06
4.58876e-06
9.32351e-06
2.65983e-06
2.57793e-06
1.44385e-06
2.06694e-06
4.43092e-06
1.67535e-06
3.11229e-06
1.60116e-06
5.79292e-06
6.56173e-07
1.52212e-06
2.16789e-06
1.60775e-06
2.31793e-06
1.42166e-06
2.98626e-06
1.20506e-05
2.43284e-06
4.66758e-06
1.57459e-06
8.06497e-07
7.36646e-07
9.50997e-07
1.62296e-06
6.68297e-07
1.06896e-06
1.51266e-06
1.04485e-06
3.7834e-06
3.71916e-06
3.68866e-06
7.77825e-07
9.51561e-07
1.39564e-06
7.657e-07
8.72653e-06
7.8513e-07
4.11055e-06
1.46266e-06
9.21438e-07
7.11833e-07
2.38556e-07
7.70023e-07
5.37957e-07
4.57835e-07
1.85513e-06
6.61319e-07
3.15467e-06
5.21326e-07
4.99752e-07
3.90991e-07
2.21983e-06
4.66041e-07
7.93712e-07
8.46679e-07
1.58989e-06
6.72495e-07
5.99122e-07
9.30878e-07
1.84537e-07
3.21429e-07
2.41052e-07
5.83885e-07
7.53168e-07
3.52713e-07
4.18362e-07
7.64066e-07
6.59486e-07
2.19284e-07
1.97858e-07
1.85941e-06
3.40079e-06
1.37712e-07
1.057e-07
2.30327e-07
1.29593e-07
1.99243e-07
1.33221e-07
2.12192e-07
2.39698e-07
9.23579e-08
1.48209e-07
3.66673e-07
2.60801e-07
2.26045e-07
1.8253e-07
6.81594e-07
4.61282e-07
1.48076e-07
1.68108e-06
2.32627e-07
3.26471e-08
9.58553e-08
9.75813e-08
9.55299e-08
1.69382e-07
7.66553e-08
2.42685e-07
1.36926e-07
3.84585e-07
6.40128e-07
2.15848e-07
1.57148e-07
3.45847e-07
8.64139e-08
6.69711e-08
9.05427e-08
8.61359e-08
9.36037e-08
7.90841e-07
1.64904e-07
4.10734e-06
6.07593e-08
8.04869e-08
4.3173e-08
5.87268e-08
3.56274e-08
3.33804e-07
2.99998e-08
1.78176e-07
1.62773e-08
3.43724e-08
1.13109e-07
4.6093e-08
3.0033e-08
1.94911e-08
6.91646e-08
6.32282e-08
2.33719e-08
6.4396e-08
1.27345e-07
6.23311e-08
4.04641e-07
3.87737e-08
4.27917e-08
5.03577e-08
2.41732e-08
2.22898e-08
0.0771092
7.42064e-06
3.20708e-07
4.96056e-07
7.82616e-07
3.03371e-07
2.99679e-07
3.82437e-07
2.26297e-07
3.11091e-07
2.90995e-07
5.92983e-07
1.66504e-07
1.04296e-06
4.11443e-07
9.25472e-07
7.87612e-08
1.78762e-07
3.03165e-07
1.35385e-07
1.27897e-06
2.8998e-07
5.02789e-07
2.05928e-07
7.47205e-07
3.62527e-07
3.57393e-07
2.92948e-07
2.34312e-07
2.28156e-07
2.1013e-07
1.11179e-06
2.17282e-07
2.35024e-07
4.76408e-07
3.34042e-07
3.93535e-07
2.02585e-07
1.8751e-07
6.32073e-07
3.3694e-07
1.45011e-06
6.26827e-07
8.43148e-08
3.18124e-07
4.5909e-07
9.71435e-08
2.74427e-07
3.48831e-08
1.42757e-06
1.08029e-06
3.79453e-07
3.58061e-07
2.5378e-07
2.47291e-07
8.51171e-08
5.98168e-08
3.92511e-07
2.91841e-07
1.8078e-07
2.62814e-07
1.72577e-07
2.80409e-07
5.98802e-07
5.09728e-07
1.09969e-07
2.46149e-07
8.32686e-07
1.47473e-07
9.91641e-08
1.1098e-07
4.9676e-08
7.00542e-07
4.68554e-07
2.01984e-07
9.94107e-08
2.63913e-07
3.54682e-07
2.69277e-07
7.30549e-08
7.80463e-08
1.09199e-07
6.25973e-07
1.75246e-07
2.67109e-07
4.66075e-08
2.10458e-05
6.54011e-08
2.06109e-07
8.37177e-08
6.22408e-08
6.37e-08
1.2224e-07
1.01401e-07
1.02588e-07
1.19428e-07
9.48379e-08
1.36859e-07
1.74934e-07
4.08956e-07
6.83158e-08
1.43391e-07
5.3297e-08
4.84343e-08
2.07191e-07
7.15123e-07
1.65119e-07
4.33643e-08
3.41259e-08
4.57606e-08
4.89942e-08
7.48706e-08
3.68214e-08
4.86646e-08
1.14458e-07
3.26513e-08
7.52706e-08
1.67757e-08
3.49124e-08
4.48216e-08
3.02685e-08
4.2365e-08
3.32162e-08
4.26098e-08
4.80191e-08
3.60718e-08
3.48806e-08
3.27091e-07
5.79729e-08
2.15053e-08
2.61353e-08
2.76334e-08
1.11452e-07
1.29709e-08
2.17794e-07
7.29587e-08
1.98182e-06
6.77098e-07
3.48587e-08
6.03487e-08
9.89356e-07
6.65556e-07
2.33808e-07
1.00121e-07
3.97976e-07
1.90426e-07
1.32202e-06
1.05943e-07
1.15153e-05
2.1912e-07
1.14919e-05
6.54393e-07
2.03317e-07
1.65463e-07
2.24612e-07
