0.701264
0.672369
0.641043
0.5347
0.500165
0.531798
0.457724
0.480328
0.452925
0.432418
0.416317
0.425641
0.414848
0.447219
0.482197
0.417062
0.366649
0.364612
0.355181
0.305044
0.351384
0.338361
0.233291
0.306365
0.22321
0.132962
0.0742882
0.18141
0.131131
0.188404
0.17038
0.182131
0.0394671
0.152393
0.078073
0.0936031
0.0397621
0.0298367
0.06501
0.0234492
0.0253292
0.0670086
0.0877497
0.0132002
0.0113565
0.0239812
0.0493669
0.0215361
0.0881066
0.0186241
0.0130716
0.00471954
0.0587289
0.00332745
0.00287284
0.0055709
0.0528926
0.00747144
0.00325663
0.00807563
0.00342584
0.00330629
0.00483292
0.0016934
0.0868567
0.00647766
0.00627181
0.00676893
0.0623216
0.0057776
0.00387581
0.00224765
0.00142561
0.00207249
0.00116247
0.000834382
0.00099471
0.00106894
0.000814042
0.000873152
0.00247821
0.00172775
0.00260662
0.00101508
0.00148963
0.00460808
0.000505626
0.00179405
0.000694611
0.000534084
0.000763618
0.000599566
0.000483501
0.00168781
0.00873216
0.000496062
0.0017098
0.000920275
0.00123103
0.000428506
0.000350832
0.000342011
0.0461798
0.00110354
0.000444951
0.000371876
0.0003924
0.000319665
0.000384973
0.00114636
0.000592967
0.000505597
0.000837579
0.000331312
0.000476484
0.000495924
0.000354494
0.000416895
0.000322256
0.000250383
0.000253145
0.000195795
0.00301778
0.00567777
0.000370164
0.00218739
0.000298433
0.00015351
0.000204553
0.000244809
0.000277808
0.00022058
0.000153727
0.000256807
0.000150587
0.000105102
0.000172953
0.000106094
0.000140772
0.000136414
0.000131289
0.00013903
0.000133313
0.0965247
0.000578991
0.000269642
0.00026281
0.000226416
0.00015451
0.000132891
0.000140293
0.000202803
0.000223614
0.000162207
0.000143144
0.000125736
0.000214352
9.92115e-05
9.97112e-05
0.000132899
8.79095e-05
8.3963e-05
9.96425e-05
6.6114e-05
9.94767e-05
7.26972e-05
0.000107622
7.84798e-05
5.15431e-05
7.85054e-05
0.00012637
0.000590573
0.000200104
0.000195015
0.000144024
0.000158814
0.000119263
8.31998e-05
0.00012331
0.000100091
7.83775e-05
0.000106596
8.84706e-05
6.90831e-05
8.64676e-05
7.63347e-05
0.00012445
6.76036e-05
7.76693e-05
4.03161e-05
5.84221e-05
5.5195e-05
5.7365e-05
7.42797e-05
5.94137e-05
3.96088e-05
4.55043e-05
4.37209e-05
4.37336e-05
4.16756e-05
4.90081e-05
3.48469e-05
3.01206e-05
4.62943e-05
3.7806e-05
3.16738e-05
2.46372e-05
2.04932e-05
3.16698e-05
2.5631e-05
2.38559e-05
2.95084e-05
2.225e-05
2.08758e-05
1.93222e-05
1.45234e-05
2.06823e-05
2.73586e-05
1.84437e-05
1.3935e-05
1.6039e-05
1.965e-05
1.32261e-05
1.09045e-05
1.22888e-05
1.08826e-05
1.28318e-05
1.19042e-05
1.13746e-05
1.12915e-05
1.00862e-05
1.00451e-05
1.17308e-05
6.86291e-06
1.69095e-05
1.39582e-05
6.28725e-06
5.70911e-06
5.30191e-06
7.70174e-06
6.97804e-06
6.39224e-06
5.75093e-06
6.07625e-06
5.56583e-06
7.71928e-06
5.14698e-06
4.75417e-06
4.15995e-06
3.83512e-06
3.12616e-06
4.7152e-06
3.28897e-06
3.20051e-06
2.38326e-06
3.99559e-06
2.38962e-06
3.59798e-06
2.20314e-06
2.35609e-06
2.27347e-06
1.92475e-06
2.50029e-06
1.60721e-06
1.65633e-06
1.97912e-06
1.40535e-06
3.02291e-06
1.79461e-06
2.70774e-06
1.38742e-06
1.43638e-06
1.76918e-06
1.12636e-06
1.28875e-06
1.43305e-06
1.29302e-06
1.28279e-06
7.08611e-07
1.31919e-06
1.30747e-06
7.91493e-07
1.09483e-06
1.01323e-06
9.13378e-07
9.3719e-07
5.82361e-07
7.62813e-07
6.62719e-07
6.96276e-07
6.45359e-07
4.29834e-07
4.30592e-07
5.89399e-07
4.69339e-07
3.46689e-07
3.77319e-07
4.9313e-07
4.2352e-07
5.4215e-07
3.96251e-07
3.62513e-07
4.12996e-07
2.79806e-07
3.86135e-07
2.99273e-07
2.55199e-07
2.08876e-05
7.45332e-06
3.85116e-06
2.37197e-05
9.37813e-06
4.37836e-06
1.44529e-05
4.54523e-06
5.64639e-06
0.000620377
8.06497e-06
4.99226e-06
6.65062e-06
1.24498e-05
6.03653e-06
4.08694e-06
5.81454e-06
5.09956e-06
3.41826e-06
5.48724e-06
4.12442e-06
4.13224e-06
3.62773e-06
3.00096e-06
2.97933e-06
3.7152e-06
6.27551e-06
4.08582e-06
5.06936e-06
4.36486e-06
2.64592e-06
2.83736e-06
3.17008e-06
5.33986e-06
3.57878e-06
3.62954e-06
3.58588e-06
5.21239e-06
3.69841e-06
3.14682e-06
6.24693e-06
4.2219e-06
2.57837e-06
3.41904e-06
3.03076e-06
2.39771e-06
3.63384e-06
3.27394e-06
2.85691e-06
2.44074e-06
2.59367e-06
3.13993e-06
2.4401e-06
2.7333e-06
3.85579e-06
3.49372e-06
2.76259e-06
2.36866e-06
2.87478e-06
2.47861e-06
2.33514e-06
2.69209e-06
1.80974e-06
2.02467e-06
2.14917e-06
3.9907e-06
3.12333e-06
2.4218e-06
2.06933e-06
2.47597e-06
1.96735e-06
2.53227e-06
1.95243e-06
1.95616e-06
1.30393e-06
1.89423e-06
1.70929e-06
1.77896e-06
1.75919e-06
1.55926e-06
2.52265e-06
2.09441e-06
1.16122e-06
1.45026e-06
1.30707e-06
1.14767e-06
1.63958e-06
1.53013e-06
1.68802e-06
1.55053e-06
1.03843e-06
1.03761e-06
1.02214e-06
1.12437e-06
1.22646e-06
8.26949e-07
8.21792e-07
1.39558e-06
9.78684e-07
1.14926e-06
1.10172e-06
8.90687e-07
1.08692e-06
9.15971e-07
8.68221e-07
7.32276e-07
6.7145e-07
9.15479e-07
6.84041e-07
7.38567e-07
4.82449e-07
7.08839e-07
5.15131e-07
6.48292e-07
4.53243e-07
6.19004e-07
5.26153e-07
5.2603e-07
4.60696e-07
4.8387e-07
4.70072e-07
3.59246e-07
6.44118e-07
4.00663e-07
4.35925e-07
3.1077e-07
4.4288e-07
4.6255e-07
3.43188e-07
3.38186e-07
3.07476e-07
1.90948e-07
2.82587e-07
3.3635e-07
3.2697e-07
2.28514e-07
1.84276e-07
2.19919e-07
2.14574e-07
2.54462e-07
2.33355e-07
1.74938e-07
2.05802e-07
1.83827e-07
1.9269e-07
1.67355e-07
1.35728e-07
1.79581e-07
1.07027e-07
1.04299e-07
1.11037e-07
1.70395e-07
1.24926e-07
8.67278e-08
8.10626e-08
8.68731e-08
6.30603e-08
8.7564e-08
1.28712e-07
1.61929e-07
6.02673e-08
5.54626e-08
5.89969e-08
5.2659e-08
7.18121e-08
1.00324e-07
8.79966e-08
4.22647e-08
5.80221e-08
3.98647e-08
5.81962e-08
3.61494e-08
3.84297e-08
5.20183e-08
3.95103e-08
4.51999e-08
4.00119e-08
4.11031e-08
3.84534e-08
3.27518e-08
3.30719e-08
3.60751e-08
2.7267e-08
3.44104e-08
2.64078e-08
2.17131e-08
2.37822e-08
2.32709e-08
2.45551e-08
1.86523e-08
2.82133e-08
1.93285e-08
2.50575e-08
1.66662e-08
1.87082e-08
1.33289e-08
1.08832e-08
1.14839e-08
1.12743e-08
1.1824e-08
1.70153e-08
1.70119e-08
8.3415e-09
1.13688e-08
2.54974e-08
7.4418e-09
8.43622e-09
8.99112e-09
1.03748e-08
7.97339e-09
7.98298e-09
9.51781e-09
8.23253e-09
8.4618e-09
7.00864e-09
6.56072e-09
4.4802e-09
5.96163e-09
7.22109e-09
5.057e-09
6.32121e-09
6.34267e-09
4.19852e-09
3.66717e-09
4.6448e-09
3.96688e-09
6.17576e-09
4.61064e-09
2.82728e-09
2.91326e-09
3.03829e-09
3.64018e-09
3.2988e-09
2.62427e-09
3.0409e-09
3.01713e-09
2.93604e-09
2.65655e-09
3.28943e-09
2.08468e-09
3.12221e-09
2.34771e-09
2.14603e-09
2.8804e-09
1.9926e-09
3.63827e-09
2.09009e-09
2.22513e-09
1.86955e-09
0.00309771
3.37578e-07
4.32883e-05
2.39066e-08
1.12017e-07
3.56672e-08
2.86899e-08
1.78469e-08
2.22989e-08
4.56969e-08
3.72648e-08
2.44798e-08
3.44667e-08
2.58355e-08
3.42748e-08
1.69213e-07
1.87931e-08
8.20744e-08
1.72799e-08
1.48079e-08
1.91935e-08
9.40108e-09
1.56634e-08
6.21999e-08
3.94042e-08
2.62074e-08
3.55553e-08
3.51759e-08
4.05872e-08
2.52702e-08
1.79152e-08
3.04904e-08
4.4102e-08
2.66491e-08
3.71189e-08
2.92843e-08
2.20997e-08
9.12819e-09
2.04864e-08
1.96618e-08
1.51626e-08
1.46075e-08
3.35965e-08
1.45471e-08
6.06699e-08
3.46372e-08
3.3425e-08
3.08964e-08
2.6881e-08
1.9525e-08
9.50159e-09
1.62115e-08
1.3249e-08
2.19519e-08
4.06569e-08
2.34793e-08
1.20427e-08
1.30233e-07
1.70564e-08
1.64897e-08
2.9038e-08
1.84504e-08
2.22053e-08
1.40351e-08
1.40848e-08
2.93294e-08
3.7044e-08
2.9786e-08
3.36324e-08
1.64231e-08
1.56893e-08
3.64093e-08
1.13344e-08
1.16716e-07
2.06566e-08
2.29305e-08
1.22702e-08
1.98758e-08
2.05812e-08
1.87028e-08
1.09619e-08
1.22352e-08
1.57153e-08
1.49147e-08
1.20615e-08
1.5013e-08
1.73746e-08
1.3155e-08
1.1052e-08
2.54082e-08
1.93287e-08
1.67825e-08
5.76225e-08
1.34886e-08
1.61563e-08
1.93199e-08
2.00322e-08
3.41798e-07
2.58896e-08
1.42455e-08
1.33383e-08
4.74171e-08
9.45568e-09
2.73455e-08
1.74901e-08
2.65264e-08
1.63587e-08
2.85258e-08
9.06905e-09
2.09293e-08
1.80984e-08
2.01322e-08
1.45931e-08
1.21708e-08
7.31852e-08
1.22088e-08
1.01226e-08
9.64325e-09
1.2431e-08
2.24965e-08
1.68778e-08
1.4034e-08
1.5643e-08
1.50238e-08
1.90025e-08
1.54121e-08
1.39751e-08
2.27821e-08
1.50282e-08
2.6014e-08
2.20048e-08
1.39742e-08
1.17054e-08
1.32119e-08
1.20421e-08
1.34413e-08
2.74159e-08
2.02033e-08
1.86735e-08
1.10117e-08
1.56712e-08
2.09784e-08
1.33269e-08
1.7013e-08
1.05927e-08
2.45659e-08
1.30332e-08
1.9494e-08
1.93119e-08
1.10806e-08
2.5917e-08
1.4143e-08
1.30093e-08
9.6298e-09
8.08776e-09
1.0937e-08
1.11727e-08
1.14243e-08
1.98209e-08
1.00794e-08
9.43451e-09
1.22535e-08
1.13575e-08
9.10665e-09
9.70326e-09
2.07874e-08
6.34957e-09
1.4049e-08
1.04177e-08
7.72628e-09
8.18301e-09
1.66349e-08
9.59098e-09
9.05542e-09
1.83093e-08
1.02892e-08
9.3736e-09
1.07542e-08
7.17952e-09
8.01514e-09
8.41039e-09
7.14355e-09
9.52076e-09
1.27857e-08
1.06024e-08
6.89228e-09
5.5012e-09
7.11804e-09
9.02525e-09
5.2095e-09
7.19263e-09
7.1887e-09
8.75908e-09
1.09728e-08
7.53881e-09
5.72534e-09
5.28559e-09
6.01707e-09
4.51281e-09
5.05835e-09
6.63984e-09
5.33451e-09
6.97702e-09
5.49944e-09
4.6199e-09
4.92541e-09
5.52233e-09
4.26819e-09
4.78009e-09
5.90066e-09
3.73923e-09
3.87062e-09
3.67683e-09
3.43047e-09
4.63633e-09
7.12766e-09
4.40833e-09
4.02323e-09
4.52675e-09
3.59749e-09
6.67095e-09
4.78847e-09
2.55122e-09
3.59626e-09
2.53839e-09
4.02257e-09
2.1854e-09
3.12823e-09
2.77263e-09
1.70535e-09
3.36973e-09
4.17881e-09
2.49691e-09
3.00885e-09
2.64956e-09
1.91618e-09
1.63339e-09
2.08773e-09
1.63852e-09
1.50361e-09
0.00208319
1.69329e-07
9.68396e-06
3.28937e-07
8.82594e-08
1.57186e-07
1.07702e-07
2.30478e-07
1.64392e-07
9.72528e-08
8.62295e-08
7.40936e-08
9.41314e-08
1.38773e-07
1.30146e-07
1.35087e-05
9.51164e-08
5.9338e-08
2.61133e-07
8.70466e-08
1.82164e-06
8.82698e-08
9.61907e-08
1.23515e-07
3.24599e-07
2.2857e-07
1.98062e-07
7.64916e-08
2.01822e-07
5.84405e-07
1.11353e-07
6.18695e-08
1.91261e-07
1.05938e-07
1.55561e-07
1.30658e-07
6.70125e-08
5.1162e-08
6.78526e-08
1.22047e-07
1.41244e-07
1.35818e-07
1.04857e-07
8.69011e-08
9.63615e-08
6.48699e-08
1.37777e-07
8.46299e-08
6.24415e-08
6.9419e-08
4.54663e-07
7.91161e-08
8.39366e-08
1.03466e-07
1.01378e-07
1.00353e-07
2.15533e-07
9.40528e-08
8.39786e-08
5.35293e-06
6.09038e-08
7.72604e-08
9.09927e-08
1.23096e-07
9.97962e-08
7.20773e-08
2.27465e-07
5.82766e-08
8.29559e-08
7.44005e-08
1.09648e-07
4.48614e-08
5.13542e-08
5.76473e-08
8.21526e-08
8.84433e-08
1.10948e-07
1.01866e-07
4.85863e-08
5.7184e-08
5.56864e-08
1.00094e-07
5.19934e-08
8.55823e-08
5.67171e-08
5.52089e-08
6.98907e-08
7.24841e-08
7.18136e-08
4.39717e-08
4.48604e-08
1.35098e-07
8.92468e-08
5.76483e-08
5.29264e-08
9.15428e-08
6.65934e-08
7.8406e-08
4.5606e-08
8.86613e-08
6.92527e-08
8.06226e-08
6.93479e-08
4.20195e-08
6.07792e-08
8.72195e-08
3.80623e-08
5.8314e-08
3.04411e-08
3.39416e-08
6.86701e-08
4.32409e-08
2.32737e-08
3.02789e-08
2.76494e-08
4.58062e-08
7.06276e-08
3.80338e-08
4.25738e-08
6.24521e-08
3.48186e-08
3.94465e-08
4.19791e-08
2.15711e-08
3.38507e-08
3.07759e-08
1.83527e-08
5.03959e-08
1.76318e-08
1.97635e-08
3.85487e-08
3.60838e-08
4.87346e-08
2.62884e-08
2.81133e-08
2.52166e-08
3.6854e-08
3.81911e-08
3.42733e-08
3.39887e-08
1.5166e-08
1.10656e-08
2.29296e-08
1.24926e-08
9.38981e-09
1.66453e-08
9.23243e-09
1.46827e-08
1.35005e-08
1.56609e-08
1.69324e-08
1.59228e-08
1.07379e-08
1.23182e-08
1.2502e-08
1.39585e-08
2.06347e-08
1.5151e-08
9.02357e-09
1.80851e-08
1.207e-08
7.1814e-09
1.51378e-08
9.48399e-09
9.75099e-09
1.26231e-08
1.28544e-08
1.29547e-08
6.77876e-09
5.89017e-09
1.38396e-08
1.07215e-08
1.13739e-08
8.76089e-09
7.90461e-09
6.17499e-09
8.26693e-09
8.09334e-09
7.53341e-09
8.60509e-09
8.00789e-09
6.10562e-09
6.70594e-09
8.93692e-09
5.83624e-09
6.31756e-09
3.58825e-09
6.88198e-09
1.14873e-08
2.84095e-09
5.13993e-09
4.83271e-09
5.57765e-09
9.7811e-09
4.64084e-09
3.92273e-09
3.57196e-09
6.85117e-09
2.82931e-09
3.30914e-09
3.41958e-09
3.53176e-09
2.85023e-09
5.42423e-09
