0.694221
0.684465
0.622883
0.587299
0.557549
0.519314
0.541453
0.537853
0.507456
0.501209
0.503049
0.423432
0.375162
0.461086
0.377509
0.400204
0.438057
0.38267
0.37064
0.370058
0.316862
0.307344
0.30675
0.26478
0.205484
0.307787
0.150088
0.248498
0.185003
0.228606
0.16759
0.133321
0.160388
0.148469
0.136697
0.138795
0.133025
0.0393732
0.0254726
0.0697851
0.156551
0.123581
0.0187427
0.0594316
0.106647
0.0300833
0.104617
0.017271
0.0328026
0.0139976
0.0174077
0.115253
0.0121639
0.0538769
0.0467736
0.0205275
0.0162476
0.0153573
0.00952898
0.00577824
0.0433157
0.00665517
0.00720893
0.00494949
0.0110425
0.00515641
0.0235105
0.0626302
0.0478448
0.0558642
0.0441158
0.00513261
0.0052502
0.00293084
0.00590107
0.00276125
0.00412903
0.0287128
0.0529396
0.00453111
0.00534491
0.00191278
0.0566961
0.0543146
0.00209958
0.00257776
0.00204868
0.00286242
0.0703149
0.00886137
0.00190122
0.05102
0.00936004
0.00777308
0.00144933
0.00171968
0.00285509
0.00266408
0.00336778
0.00211114
0.0223274
0.00258638
0.00300735
0.00179216
0.00185405
0.0012046
0.00163736
0.00113096
0.00357175
0.000935683
0.00134604
0.00111431
0.000812629
0.000710256
0.0553593
0.00107404
0.000775238
0.000898006
0.000900414
0.000915901
0.000697097
0.00251836
0.000897941
0.00367261
0.0012561
0.00128847
0.00207324
0.00130902
0.000970318
0.00179059
0.000900235
0.00101379
0.000861598
0.000627304
0.000846951
0.000741006
0.000592339
0.000934206
0.000623833
0.000998062
0.000787452
0.000551946
0.00508409
0.000772644
0.000539164
0.000448467
0.000426983
0.000371121
0.000264024
0.000273287
0.00201503
0.000584495
0.000448963
0.000549188
0.000406899
0.00032556
0.500894
0.00219135
0.000885999
0.00102561
0.001324
0.000661673
0.000522219
0.000594656
0.00060855
0.000543826
0.000395549
0.000539703
0.000396853
0.000256324
0.000521854
0.00027969
0.000241694
0.000355353
0.000220622
0.000377842
0.00034308
0.000265518
0.000235928
0.000237791
0.00026736
0.000309183
0.000192151
0.000220917
0.000528864
0.000150016
0.000153315
0.00021449
0.000264677
0.000173413
0.000183948
0.000140487
0.000498515
0.000266157
0.000595776
0.00076054
0.000317934
0.000334037
0.000465641
0.000210289
0.000258725
0.000159845
0.000225121
0.000147975
0.000277227
0.000202771
0.000154959
0.000204063
0.000381756
0.000236961
0.000176745
0.000104057
0.000168875
0.00010736
0.000107345
8.34676e-05
6.9593e-05
9.38287e-05
0.000633667
8.33678e-05
0.000121276
7.07107e-05
7.91969e-05
5.88621e-05
9.84353e-05
0.000346979
4.36988e-05
5.47089e-05
7.5878e-05
6.55478e-05
0.000171936
7.60204e-05
0.000157266
0.000305196
0.000165172
0.000229292
6.87423e-05
0.000159726
8.29713e-05
0.000216574
0.000111449
9.2831e-05
0.00016005
9.21449e-05
7.86324e-05
0.000111386
0.000102155
7.04094e-05
0.000287417
7.01678e-05
6.0926e-05
3.77118e-05
6.40137e-05
4.71865e-05
8.14837e-05
4.44526e-05
3.16888e-05
3.10408e-05
6.12858e-05
5.52379e-05
6.48368e-05
5.71077e-05
4.84627e-05
7.6376e-05
4.38309e-05
0.00103008
8.83904e-05
0.0002358
0.000192766
4.33458e-05
6.40005e-05
9.02973e-05
6.64772e-05
0.000233534
0.000176494
5.91802e-05
5.50887e-05
0.000247014
4.68332e-05
5.7142e-05
0.00010836
0.000117645
5.01546e-05
3.21722e-05
3.52796e-05
5.60063e-05
0.000151844
0.000131136
0.000182818
0.000171053
0.000468136
0.000248606
7.97757e-05
0.000123036
0.000168549
0.000130156
0.00010605
6.62651e-05
8.90835e-05
6.08306e-05
5.15e-05
8.72897e-05
6.82184e-05
6.90828e-05
0.000201873
7.91931e-05
5.39085e-05
5.4618e-05
0.000106219
5.34971e-05
5.86615e-05
3.94374e-05
5.55448e-05
2.95529e-05
4.11144e-05
3.89422e-05
6.28063e-05
3.38164e-05
3.7096e-05
4.96097e-05
5.14557e-05
3.52525e-05
4.70946e-05
4.12237e-05
2.85634e-05
7.70776e-05
0.000139861
0.000895235
0.000126975
0.000165323
0.000153296
0.000105101
5.62148e-05
9.24413e-05
8.12779e-05
7.93319e-05
0.000158977
4.84067e-05
0.000155256
5.21828e-05
7.02729e-05
0.00014203
7.55911e-05
6.57618e-05
3.46323e-05
8.43199e-05
4.36547e-05
3.13852e-05
3.40932e-05
7.56576e-05
2.94418e-05
3.0506e-05
4.03268e-05
2.19438e-05
5.02016e-05
9.76048e-05
5.59607e-05
0.000427095
0.000239204
0.000132153
0.000325245
0.000161279
0.000220025
6.82932e-05
5.45617e-05
9.41181e-05
7.63585e-05
7.5665e-05
8.91785e-05
4.58848e-05
0.000142872
3.87876e-05
7.25368e-05
7.377e-05
2.7428e-05
3.0782e-05
3.38091e-05
4.96076e-05
3.69284e-05
3.22219e-05
2.93812e-05
7.92115e-05
2.74333e-05
3.7414e-05
2.09433e-05
6.72757e-05
2.27705e-05
3.15586e-05
1.60632e-05
2.66495e-05
6.04609e-05
6.08989e-05
2.54785e-05
1.2062e-05
1.63431e-05
2.85904e-05
1.17591e-05
1.4554e-05
1.20769e-05
1.7946e-05
8.41563e-06
1.35214e-05
1.88946e-05
0.000233931
5.95374e-05
3.18567e-05
7.80781e-05
5.24053e-05
5.33462e-05
3.81589e-05
3.75075e-05
6.89044e-05
4.09408e-05
6.63804e-05
3.15922e-05
7.64928e-05
2.84467e-05
3.68624e-05
6.23533e-05
1.72818e-05
2.31787e-05
2.72784e-05
2.62381e-05
2.40364e-05
3.7564e-05
1.22124e-05
1.66377e-05
2.18496e-05
1.7605e-05
1.93096e-05
3.97376e-05
3.40445e-05
3.32426e-05
1.05416e-05
1.34427e-05
3.87845e-05
9.18478e-06
1.23303e-05
8.11159e-06
1.12488e-05
1.37684e-05
7.48286e-06
1.17737e-05
0.000119344
0.000102492
0.000119755
0.000102732
8.69322e-05
6.06578e-05
6.06064e-05
0.000347507
3.63447e-05
3.42506e-05
4.04851e-05
0.000249443
0.000452665
8.51518e-05
8.31995e-05
0.00128347
3.88468e-05
4.90559e-05
2.26364e-05
0.000138897
5.20125e-05
3.53271e-05
4.55149e-05
2.08225e-05
2.15137e-05
4.09449e-05
4.53241e-05
3.55617e-05
5.2705e-05
4.3564e-05
3.32014e-05
2.23487e-05
1.86274e-05
3.49152e-05
2.63716e-05
1.01185e-05
2.55315e-05
1.37944e-05
3.32801e-05
1.47315e-05
1.81996e-05
1.5705e-05
5.64901e-05
6.93207e-05
1.85896e-05
8.87024e-06
2.88766e-05
1.2835e-05
1.33515e-05
8.57946e-06
5.64771e-05
2.75076e-05
2.24926e-05
7.20552e-06
3.18064e-05
1.14621e-05
5.86513e-06
9.61703e-06
0.000199222
7.81175e-06
1.26803e-05
8.78138e-06
7.23957e-06
6.38522e-06
3.57841e-06
6.49294e-06
4.71042e-06
9.66684e-06
5.63351e-06
1.04507e-05
4.64352e-06
4.94286e-06
4.64455e-06
1.08685e-05
4.86706e-06
0.000533285
1.52045e-05
6.20161e-06
3.44835e-06
2.82091e-06
3.35395e-06
5.71828e-06
3.92776e-06
2.506e-06
1.78737e-06
3.68732e-06
3.9944e-06
6.90219e-06
2.21849e-06
2.53571e-06
3.11603e-06
2.48379e-06
0.000282305
9.02884e-06
1.18336e-05
1.66795e-05
7.53563e-06
1.28439e-05
9.1666e-06
1.0803e-05
6.86346e-06
8.31816e-06
1.06967e-05
1.34978e-05
5.57297e-06
6.58454e-06
9.27552e-06
1.12903e-05
5.01823e-06
0.000213849
5.7385e-06
6.1374e-06
7.73112e-06
9.3666e-06
7.2563e-06
1.1406e-05
8.4667e-06
1.00496e-05
6.8679e-06
4.18052e-06
5.73266e-06
5.9444e-06
4.39481e-06
7.60456e-06
9.95321e-06
5.1901e-06
6.5879e-06
7.27159e-06
6.10279e-06
6.76239e-06
8.32879e-06
6.84574e-06
2.84878e-06
4.86747e-06
4.72414e-06
6.17884e-05
5.03169e-06
3.88228e-06
4.96008e-06
4.76633e-06
4.51546e-06
5.15688e-06
1.14437e-05
6.53168e-06
1.05016e-05
0.000106042
4.39656e-06
4.05054e-06
4.99913e-06
5.64774e-06
2.16349e-06
2.10288e-06
8.50447e-06
2.94313e-06
4.01994e-06
3.13137e-06
4.04175e-06
5.06204e-06
2.29572e-06
2.28196e-06
3.58893e-06
4.15551e-06
4.81205e-06
1.11083e-05
4.5526e-05
2.0067e-05
1.37483e-05
7.83495e-06
5.71987e-06
6.53837e-06
3.71707e-06
1.3926e-05
7.317e-06
8.33948e-06
4.92238e-06
6.76534e-06
7.23444e-06
7.81073e-06
5.10296e-06
3.90663e-06
1.08765e-05
6.05716e-06
3.25247e-06
1.04544e-05
6.59059e-06
4.56651e-06
0.000112908
5.37907e-06
6.46931e-06
6.80765e-06
3.95811e-06
2.55808e-06
5.29666e-06
3.92819e-06
2.27741e-06
3.23312e-06
6.48087e-06
0.000175936
4.22122e-06
1.68795e-05
3.92325e-06
5.70557e-06
2.46166e-06
2.67048e-06
4.16226e-06
4.4043e-06
2.09169e-06
3.78851e-06
3.29462e-06
2.63707e-06
3.70822e-06
3.69329e-06
2.10482e-06
1.62515e-06
3.2437e-06
2.2681e-06
1.84805e-06
1.55021e-06
4.18733e-06
4.98216e-06
2.22343e-06
3.29105e-06
6.26527e-06
1.71952e-06
2.09088e-06
3.47191e-06
1.96484e-06
7.18803e-06
1.40182e-06
1.10347e-06
3.03613e-06
9.95196e-07
1.1726e-06
1.24538e-06
2.76237e-05
9.5947e-06
3.93627e-06
3.47684e-06
5.05926e-06
5.05067e-06
5.90059e-06
6.55726e-06
4.5533e-06
6.0821e-06
1.92627e-05
3.26052e-05
3.97964e-06
7.85901e-06
4.27239e-06
5.03013e-06
7.80056e-06
1.31787e-05
5.28404e-06
3.88614e-06
2.45386e-06
2.10839e-06
4.16658e-06
4.35941e-06
3.05036e-06
3.19749e-06
4.56648e-06
2.77175e-06
5.23524e-06
4.86096e-06
2.38154e-06
3.58315e-06
3.58199e-06
2.46577e-06
3.16651e-06
2.80711e-06
2.55564e-06
2.66495e-06
9.1755e-06
2.04691e-06
2.08857e-06
2.31022e-06
2.13561e-06
2.41904e-06
2.17536e-06
6.67654e-06
1.57187e-06
1.64404e-06
2.24765e-06
3.43408e-06
4.96879e-06
2.72956e-06
1.65049e-06
9.86772e-07
1.11818e-06
1.76417e-06
9.71712e-07
1.5323e-06
1.6011e-06
1.04329e-06
2.84907e-06
6.02681e-07
3.01585e-06
2.18994e-06
4.83361e-06
3.47133e-06
3.25808e-06
2.66592e-06
5.66885e-06
2.97579e-06
2.37091e-06
3.08468e-06
3.91322e-06
1.84135e-06
3.30642e-06
2.59173e-06
2.95566e-06
1.77319e-06
3.21528e-06
2.06611e-06
3.49179e-06
1.51071e-06
2.21981e-06
1.5206e-06
1.67448e-06
2.72571e-06
2.18194e-06
1.42071e-06
1.78902e-06
1.91159e-06
4.86666e-06
1.64327e-06
1.19867e-06
1.84523e-06
1.78364e-06
1.77619e-06
3.11143e-06
1.23768e-06
2.02214e-06
1.63016e-06
1.93982e-06
1.7062e-06
3.03745e-06
1.83508e-06
2.70677e-06
2.50898e-06
1.56708e-06
1.11225e-06
1.21141e-06
1.33898e-06
1.81419e-06
1.41081e-06
1.22086e-06
9.59304e-07
2.04187e-06
1.18044e-06
1.02334e-06
1.35663e-06
2.07397e-06
2.31299e-06
1.38268e-06
8.74203e-07
9.23688e-07
7.80686e-07
8.37803e-07
6.41717e-07
8.40199e-07
1.10008e-06
1.37032e-06
8.49179e-07
2.237e-06
9.53607e-07
9.41275e-07
8.6531e-07
4.85543e-07
8.1603e-07
4.79585e-07
5.05098e-06
2.05385e-06
5.58946e-07
5.85295e-07
9.35736e-07
1.00259e-06
6.08046e-07
0.0409831
6.07337e-06
7.78657e-06
7.19515e-06
3.81197e-06
2.40941e-06
4.85591e-06
1.94919e-06
2.60727e-06
2.40583e-06
3.77394e-06
4.09775e-06
1.99834e-06
2.3675e-06
1.79064e-06
2.8212e-06
2.70343e-06
2.26511e-06
5.95338e-06
1.73078e-06
1.43562e-06
3.34577e-06
1.68714e-06
1.98779e-06
3.15227e-06
1.97758e-06
1.83849e-06
1.28947e-06
2.49182e-06
2.14803e-06
1.92813e-06
2.5022e-06
1.34689e-06
1.65858e-06
1.90755e-06
2.70492e-06
2.57598e-06
1.25325e-06
3.3719e-06
2.9633e-06
2.07802e-06
1.4263e-06
1.37538e-06
1.96379e-06
1.69624e-06
4.12805e-06
1.34759e-06
1.1633e-06
2.98661e-06
2.0194e-06
1.56366e-06
1.42028e-06
2.63924e-06
1.58329e-06
3.09061e-06
1.83335e-06
2.509e-06
3.93371e-06
1.66536e-06
1.12656e-06
1.01019e-06
1.65561e-06
2.03507e-06
6.11948e-06
1.33463e-06
1.84343e-06
9.17197e-07
1.68438e-06
1.89646e-06
1.06813e-06
6.88659e-07
7.52705e-07
1.29307e-06
1.37376e-06
7.63363e-07
9.04282e-07
2.6642e-06
4.90158e-07
1.23917e-06
1.45821e-06
1.07413e-06
7.27469e-07
6.00953e-07
1.03896e-06
1.04505e-06
4.96326e-07
5.93987e-07
8.24727e-07
6.08962e-07
4.16438e-07
4.04821e-07
8.18517e-07
7.50815e-07
1.03007e-06
5.89712e-07
3.83351e-07
4.56818e-07
3.14597e-07
3.32869e-07
4.35141e-07
8.31206e-07
2.59306e-07
5.46788e-07
2.62412e-07
6.84283e-07
4.69503e-07
2.2741e-07
4.11913e-07
3.31824e-07
3.24878e-07
2.59633e-07
1.99708e-07
1.08308e-06
3.00191e-07
2.04233e-07
3.45716e-06
9.38702e-07
5.30504e-06
2.54875e-06
9.06143e-07
1.46007e-06
1.30548e-06
7.72878e-07
7.18387e-07
1.53374e-06
8.73633e-07
1.14191e-06
2.69116e-06
8.93899e-07
7.65085e-07
7.78112e-07
9.96997e-07
5.45569e-06
1.00926e-06
8.93954e-07
4.05047e-07
8.61732e-07
1.15856e-06
1.69386e-06
1.28487e-06
1.0255e-06
5.34192e-07
6.21995e-07
1.04894e-06
1.21372e-06
4.84769e-07
8.66054e-07
8.85268e-07
1.1516e-06
9.13612e-07
1.01521e-06
4.43719e-07
1.26828e-06
6.01752e-07
6.61194e-07
7.65886e-07
1.30334e-06
7.68737e-07
8.2278e-07
5.11309e-07
1.16633e-06
4.78177e-07
4.84261e-07
5.46803e-07
1.13878e-06
5.34919e-07
1.11947e-06
4.12967e-07
4.19706e-07
5.58028e-07
3.64045e-07
4.50466e-07
4.59043e-07
2.41051e-06
4.82614e-07
3.7848e-07
3.96407e-07
4.35255e-07
5.48212e-07
