0.689025
0.672792
0.59717
0.579278
0.539109
0.458258
0.456832
0.457422
0.500807
0.529095
0.564745
0.397354
0.406101
0.403364
0.369738
0.294751
0.351509
0.295694
0.373741
0.296463
0.263524
0.285179
0.246545
0.251415
0.256732
0.214779
0.0957003
0.183932
0.126576
0.0991031
0.0592771
0.16095
0.135529
0.0703362
0.0387329
0.0499461
0.107773
0.0290924
0.029692
0.0204642
0.0389816
0.0370484
0.0182489
0.0197366
0.0127999
0.0185944
0.0135552
0.00997817
0.0277154
0.00679801
0.00988211
0.00807035
0.00347697
0.0369011
0.0149912
0.0044584
0.00872746
0.00511566
0.0408204
0.00305376
0.00358418
0.00313748
0.000941031
0.00104564
0.00675689
0.00171356
0.00304463
0.00316942
0.00247164
0.00181197
0.00188615
0.00111934
0.00309865
0.00264665
0.000598701
0.000820216
0.00133565
0.00136552
0.00119702
0.00150158
0.000555966
0.000607736
0.00133523
0.0016222
0.00757579
0.00110556
0.00130182
0.000718503
0.00117742
0.000543375
0.000517885
0.000489614
0.0002322
0.000272559
0.00038919
0.000316155
0.00540128
0.000797236
0.000515695
0.000292771
0.000294881
0.000179366
0.000154554
0.000505132
0.0023715
0.0604808
0.000648128
0.000163207
0.000314234
0.000188105
0.0142868
0.000496237
0.0014635
0.00255786
0.000283819
0.000351002
0.00191077
0.0001707
0.000237069
0.000165156
0.000119521
0.000110534
0.000150739
0.000124524
0.000185471
0.000124406
0.000102501
8.19056e-05
0.000167366
0.000107877
8.47765e-05
7.04065e-05
0.000107716
8.94879e-05
8.84819e-05
9.48134e-05
0.000102917
6.23738e-05
5.09433e-05
5.6105e-05
5.15627e-05
3.79879e-05
4.80009e-05
3.89624e-05
2.4867e-05
3.51172e-05
2.71688e-05
4.73209e-05
3.33318e-05
2.0549e-05
3.08097e-05
2.85724e-05
4.59624e-05
2.50565e-05
1.82365e-05
2.39667e-05
2.52074e-05
2.9057e-05
1.90166e-05
2.65951e-05
2.1082e-05
1.34308e-05
5.01466e-05
1.43799e-05
1.64212e-05
1.30281e-05
1.3124e-05
1.5602e-05
1.27722e-05
9.81901e-06
1.31044e-05
2.21575e-05
9.00895e-06
7.22529e-06
8.00623e-06
7.43376e-06
6.64896e-06
8.70169e-06
9.0057e-06
7.20124e-06
6.73313e-06
1.87651e-05
4.43573e-06
4.84267e-06
3.86988e-06
1.20292e-05
3.82417e-06
4.06399e-06
5.3829e-06
3.17029e-06
4.39398e-06
4.85772e-06
1.21006e-05
3.11704e-06
2.02589e-06
2.88962e-06
3.03165e-06
2.70331e-06
2.73346e-06
3.01556e-06
2.81919e-06
6.01995e-06
5.46411e-06
6.18326e-06
1.21471e-06
1.91204e-06
1.91078e-06
0.000136652
0.000708828
0.000121473
0.00116005
0.000876087
4.29714e-05
2.92775e-05
6.33678e-06
3.27468e-05
2.55066e-05
3.20335e-05
1.54469e-05
1.12581e-05
1.32646e-05
8.34294e-06
1.07428e-05
1.18562e-05
7.26251e-06
2.05531e-05
8.30145e-06
1.85214e-05
9.17477e-06
5.9036e-06
9.90625e-06
8.97055e-06
7.27635e-06
8.59721e-06
1.11541e-05
5.76021e-06
6.52574e-06
7.46991e-06
4.32108e-06
6.93451e-06
1.08054e-05
1.16967e-05
4.78888e-06
5.54709e-06
4.71374e-06
4.91931e-06
2.99933e-06
4.12245e-06
5.16554e-06
6.56195e-06
4.50683e-06
2.17623e-05
3.79777e-06
7.83204e-06
1.42118e-05
8.33049e-06
4.02722e-06
3.5555e-06
4.47582e-06
2.67444e-06
5.17599e-06
4.83845e-06
5.10194e-06
3.42749e-06
3.35284e-06
3.2409e-06
4.9691e-06
3.53312e-06
4.22585e-06
3.01757e-06
3.20474e-06
3.12657e-06
7.5445e-06
3.10704e-06
4.15369e-06
4.35222e-06
3.40987e-06
2.94515e-06
3.21773e-06
3.41168e-06
4.81458e-06
3.2913e-06
2.55433e-06
2.60047e-06
2.66087e-06
3.06433e-06
1.92849e-06
3.15064e-06
2.78854e-06
2.13868e-06
2.17211e-06
1.99874e-06
1.73372e-06
2.87138e-06
1.84379e-06
2.35629e-06
1.93648e-06
2.13514e-06
1.85136e-06
1.76232e-06
1.64888e-06
1.47495e-06
2.05636e-06
1.40322e-06
1.61949e-06
2.27978e-06
1.49638e-06
1.06554e-06
1.61796e-06
1.65933e-06
1.2037e-06
9.83031e-07
9.76411e-07
7.76591e-07
3.18359e-06
9.38475e-07
1.24701e-06
1.02583e-06
8.78064e-07
1.08939e-06
8.72179e-07
6.45611e-07
7.29501e-07
8.14148e-07
6.29465e-07
1.01695e-06
5.23637e-07
6.04786e-07
6.66674e-07
5.59273e-07
6.04172e-07
5.08852e-07
4.07346e-07
4.30876e-07
6.44435e-07
5.48726e-07
3.86138e-07
5.55771e-07
3.67099e-07
3.54975e-07
3.11202e-07
2.35347e-07
4.74515e-07
2.85343e-07
3.93301e-07
2.20196e-07
2.60272e-07
2.166e-07
2.29051e-07
2.13288e-07
2.07101e-07
2.2691e-07
2.74076e-07
1.7125e-07
2.08132e-07
1.97338e-07
1.55922e-07
1.15484e-07
1.36639e-07
2.42928e-07
1.32508e-07
1.38475e-07
1.25408e-07
2.72317e-07
1.03624e-07
1.11377e-07
9.90194e-08
1.26995e-07
8.49108e-08
8.80335e-08
8.4964e-08
8.0134e-08
6.63698e-08
1.08904e-07
9.59017e-08
7.89622e-08
6.36758e-08
1.18614e-07
6.10344e-08
6.51581e-08
4.38066e-08
4.50946e-08
7.71879e-08
3.55366e-08
0.279338
0.108193
0.128572
0.0271608
0.0412553
0.0259196
0.0165389
0.0222122
0.0192963
0.00701952
0.00391799
0.0111768
0.00130461
0.00822538
0.00695869
0.000753429
0.00109607
0.000905097
0.00022103
0.000341733
0.000283181
0.000558853
0.000724187
0.00019199
0.000212594
0.000254816
4.54282e-05
8.17186e-05
0.000511609
