0.692076
0.683848
0.611294
0.53908
0.582922
0.516347
0.482043
0.493518
0.506614
0.465209
0.450174
0.498506
0.468201
0.442726
0.486107
0.502967
0.449865
0.427695
0.445611
0.415714
0.291436
0.320344
0.210779
0.28738
0.238743
0.274574
0.188236
0.207914
0.115769
0.195802
0.0884053
0.207196
0.0831272
0.108454
0.140922
0.150741
0.153948
0.149047
0.100693
0.0519965
0.0908177
0.144874
0.0390287
0.0193518
0.0487022
0.00910363
0.0266494
0.0739084
0.0107593
0.0174839
0.0257446
0.0163279
0.00893267
0.0114449
0.0121025
0.0657341
0.0117243
0.0165693
0.0117715
0.00673776
0.0548873
0.0407566
0.0107979
0.00376553
0.0028712
0.00452582
0.00331219
0.00393468
0.0656621
0.0042791
0.00389039
0.00300124
0.00634425
0.0049701
0.00354596
0.00343727
0.00521038
0.00276493
0.00221844
0.0079285
0.00202732
0.00168398
0.00236168
0.00185158
0.00741008
0.00201502
0.00216936
0.00122767
0.00427504
0.00305008
0.00322665
0.00153808
0.000992739
0.000992205
0.00155909
0.00309841
0.0012668
0.00297317
0.00202951
0.00141864
0.00113253
0.00122813
0.00176593
0.00217114
0.00121421
0.00201424
0.00110874
0.0010226
0.000881754
0.00212326
0.000712194
0.00887994
0.00108208
0.00111319
0.000662989
0.000854129
0.000502197
0.000519969
0.000642894
0.000560112
0.000602002
0.00152533
0.00126623
0.00037923
0.00074111
0.000919139
0.000340981
0.000671124
0.000466894
0.000723895
0.000444507
0.00516741
0.000231735
0.000455251
0.000256458
0.000315041
0.000333248
0.000284608
0.000197567
0.000931209
0.0030701
0.00558616
0.00043551
0.0579228
0.000853008
0.000374528
0.000558165
0.00209708
0.000537971
0.00221532
0.000559648
0.000467364
0.000279113
0.000311244
0.000279503
0.000292293
0.00069685
0.000241657
0.000351837
0.000190797
0.00176777
0.000177678
0.000175714
0.000322995
0.000289026
0.000211068
0.000128008
0.000257034
0.00178011
0.000946557
0.000507866
0.000664102
0.000473135
0.000336776
0.000322203
0.000517972
0.000382323
0.0001995
0.000472979
0.000178467
0.000168434
0.000193608
0.000401938
0.000145088
0.000315587
0.000161744
0.000132844
0.000220542
0.000300598
9.56059e-05
9.49604e-05
0.000836869
0.00018496
0.000186019
0.00023172
0.00024214
0.0062943
0.000361235
0.000263107
0.00016706
0.00014798
0.000422055
0.000128397
0.000122304
0.000156534
0.000118751
0.00048305
7.72342e-05
0.000112558
0.000134348
0.00153888
0.000148006
0.0103117
0.000155852
0.000221594
0.000187823
8.65178e-05
0.000159612
0.000136485
0.000220597
9.34392e-05
9.08166e-05
9.72407e-05
0.00014668
0.00012808
0.00014868
7.7072e-05
5.68835e-05
9.00819e-05
0.000142617
0.000103465
5.61469e-05
8.32633e-05
0.000168503
0.000106032
0.000698979
0.00010087
7.3012e-05
5.02973e-05
0.000253652
0.000300922
0.000130293
0.000184217
7.88414e-05
0.000451858
0.00018661
0.000112287
7.60618e-05
0.000107629
0.000105951
0.000346826
7.95467e-05
0.000105822
7.11736e-05
4.74133e-05
9.7909e-05
4.95823e-05
0.000130831
0.000172689
4.97232e-05
0.000148687
0.000167833
0.000183361
0.000169769
0.000182973
0.000171427
0.000235827
0.000271777
5.09307e-05
7.17792e-05
0.000145947
6.17613e-05
0.000147663
7.0807e-05
0.000163521
6.54668e-05
7.53397e-05
0.000316126
3.08569e-05
0.000458551
0.000325543
0.000600932
0.000129665
0.000204319
6.36398e-05
5.76777e-05
0.000108393
5.08963e-05
0.000168302
0.000130265
7.54442e-05
0.00018851
9.55477e-05
6.47287e-05
0.000309095
0.000305537
3.96784e-05
6.20919e-05
3.57652e-05
0.000122014
4.01331e-05
3.46554e-05
5.65028e-05
8.44486e-05
5.26917e-05
4.6416e-05
4.27942e-05
1.69241e-05
2.14211e-05
3.91874e-05
4.90306e-05
3.44949e-05
2.88165e-05
0.000186964
0.000118669
0.000639858
0.000111859
6.35895e-05
0.000191684
0.000150088
5.4795e-05
9.36165e-05
8.15277e-05
2.6311e-05
3.94017e-05
2.99377e-05
4.52669e-05
5.16027e-05
5.41157e-05
0.00513308
5.24072e-05
2.77398e-05
2.32681e-05
2.75252e-05
4.80072e-05
2.95014e-05
3.76931e-05
4.6335e-05
1.89862e-05
2.4365e-05
1.52041e-05
2.45985e-05
9.96487e-06
2.57939e-05
2.08781e-05
2.36132e-05
1.2398e-05
2.28362e-05
1.40903e-05
7.11078e-06
2.2773e-05
1.89234e-05
8.70967e-06
9.71928e-06
1.21229e-05
5.38398e-05
1.67135e-05
6.41499e-06
7.51368e-06
1.12808e-05
5.17626e-05
0.000433974
3.69825e-05
7.45224e-05
6.91335e-05
5.6797e-05
2.02051e-05
0.000313307
0.00024426
3.00669e-05
6.80964e-05
2.40193e-05
2.37531e-05
2.12137e-05
4.84781e-05
4.32302e-05
6.87501e-05
1.88485e-05
2.25836e-05
2.1351e-05
0.000113211
0.000196152
2.28176e-05
1.82588e-05
3.02781e-05
5.93382e-05
1.92885e-05
2.35901e-05
1.6126e-05
5.03968e-05
3.15823e-05
3.93519e-05
1.19001e-05
2.59414e-05
2.30652e-05
1.50978e-05
1.32064e-05
5.30628e-05
1.65974e-05
2.67857e-05
1.35247e-05
2.26621e-05
7.34295e-05
2.38703e-05
1.44845e-05
1.09654e-05
2.44741e-05
1.22207e-05
2.14123e-05
1.32168e-05
3.61778e-05
4.94874e-05
7.76852e-06
1.60341e-05
6.66457e-06
1.04039e-05
5.40487e-06
1.06387e-05
1.24431e-05
1.23271e-05
1.0149e-05
3.00584e-05
8.5626e-06
8.14267e-06
5.58969e-06
1.60626e-05
6.63567e-06
1.05205e-05
8.21888e-06
5.39145e-06
3.96521e-06
4.03973e-06
5.42484e-06
6.3601e-06
6.39839e-06
4.77615e-05
2.94288e-05
1.70736e-05
4.69088e-05
2.37249e-05
2.00268e-05
1.0146e-05
2.4549e-05
1.2236e-05
5.96998e-05
1.45303e-05
7.55306e-06
2.56123e-05
1.37622e-05
1.62598e-05
2.34894e-05
1.96485e-05
1.79409e-05
9.16774e-06
7.8473e-06
1.50566e-05
7.70107e-06
2.86704e-05
6.56405e-06
9.18236e-06
1.06768e-05
8.62324e-06
1.79532e-05
5.51206e-06
1.59159e-05
0.000213072
8.46572e-06
1.27381e-05
6.62119e-06
6.9606e-06
1.81574e-05
7.22104e-06
9.31518e-06
6.96727e-06
4.7803e-06
4.16811e-06
7.98852e-06
5.12325e-06
4.98699e-06
1.26435e-05
6.27742e-06
5.32268e-06
4.29388e-06
3.54042e-06
4.71659e-06
3.14427e-06
6.91081e-06
2.90485e-06
3.93078e-06
4.14831e-06
4.98966e-06
2.79469e-06
3.20411e-06
4.97873e-06
2.48326e-06
2.34452e-06
1.72502e-06
2.05633e-06
2.51775e-06
2.17808e-06
2.84675e-06
2.59947e-06
1.4435e-06
1.55797e-06
2.82979e-05
1.03253e-06
5.71153e-05
1.48265e-06
2.41616e-06
1.72222e-06
1.60976e-06
1.5148e-06
1.23065e-06
1.0541e-06
1.06096e-06
1.00319e-06
1.67485e-06
8.68943e-07
1.23064e-06
1.24943e-06
2.78057e-06
1.13352e-06
1.03258e-06
2.2547e-06
6.07657e-05
9.27411e-06
6.88857e-06
5.05967e-06
3.21645e-06
3.45601e-06
2.27073e-06
4.52043e-06
2.76172e-06
5.14687e-06
9.50165e-06
3.54199e-06
2.53673e-06
4.27984e-06
2.84423e-06
3.50212e-06
7.86988e-06
2.65207e-06
3.47848e-06
7.67136e-06
3.24322e-06
3.68171e-06
8.78688e-06
3.9061e-06
4.90222e-06
2.5564e-06
3.07635e-06
2.55873e-06
3.72975e-06
2.31784e-06
3.84805e-06
2.29019e-06
3.27299e-06
5.31374e-06
3.85485e-06
1.96076e-06
1.75311e-06
2.14642e-06
5.26156e-06
2.49543e-06
2.30633e-06
2.10413e-06
2.79576e-06
2.60986e-06
3.73072e-06
3.12352e-06
2.79477e-06
1.46677e-06
1.50691e-06
2.98936e-06
1.37929e-06
2.06091e-06
6.72178e-06
1.86689e-06
2.55355e-06
1.6966e-06
1.69771e-06
6.86931e-06
1.91904e-06
1.06825e-06
3.9604e-06
1.39499e-06
3.36774e-06
2.08573e-06
2.31416e-06
2.50868e-06
1.5968e-06
2.95273e-06
1.02073e-06
1.7791e-06
1.30096e-06
3.57666e-06
1.50477e-06
1.04086e-06
1.4892e-06
1.14309e-06
1.26228e-06
7.089e-07
1.99334e-06
1.00393e-06
1.25348e-06
2.57005e-06
5.88891e-07
5.48072e-07
8.25254e-07
6.55001e-07
6.30952e-07
1.13368e-06
6.15853e-07
6.35523e-07
1.16436e-06
5.26242e-07
7.08961e-07
6.00736e-07
5.36725e-07
1.32857e-05
4.51644e-07
6.18596e-07
8.13309e-07
7.20731e-07
8.14065e-07
4.60803e-07
1.07053e-06
6.19709e-07
4.67516e-07
2.84848e-07
2.05924e-06
1.59716e-06
4.08669e-07
4.1467e-07
3.63037e-07
4.8298e-07
9.07736e-06
2.70845e-07
2.45642e-07
5.36412e-07
5.67872e-07
3.3047e-07
2.82871e-07
2.83345e-07
1.8456e-07
7.29674e-07
3.4167e-05
7.11663e-06
1.91864e-06
3.33591e-06
1.43437e-05
4.59262e-06
3.4553e-06
4.80614e-06
7.11431e-06
6.29533e-06
2.73783e-06
2.52335e-06
2.27343e-06
2.47425e-06
3.08828e-06
2.33883e-06
3.44313e-06
1.3827e-05
3.55429e-06
2.20959e-06
2.1174e-06
3.06753e-06
3.24693e-06
3.49409e-06
1.50092e-06
1.54685e-06
6.27538e-06
2.76149e-06
2.26817e-06
4.83813e-06
1.35968e-06
2.39999e-06
3.20034e-06
2.03165e-06
1.88349e-06
1.26484e-06
2.15425e-06
1.40785e-06
2.23337e-06
1.63249e-06
1.77021e-06
2.64721e-06
2.14663e-06
2.00689e-06
1.46586e-06
1.66195e-06
2.31046e-06
1.4826e-06
1.44754e-06
1.82792e-06
1.41934e-06
1.28962e-06
1.57584e-06
1.22536e-06
1.12116e-06
1.57827e-06
1.27915e-06
1.39931e-06
3.33906e-06
1.29329e-06
1.10634e-06
1.83865e-06
7.74022e-07
2.1597e-06
9.60432e-07
2.69767e-05
8.82606e-07
7.77379e-07
7.89432e-07
1.43827e-06
6.51858e-07
7.59428e-07
1.12017e-06
